 0.0 	 0.0 	25.0	0.1182 	0.7238 	0.0291 	0.1289 	0.8527 	0.6372	0.04439	0.04507	0.05101	0.05174	0.08267	0.08401	0.08962	0.09102	0.17245	0.17510	0.20922	0.25696	0.26120	0.29787	
 5.0 	 0.0 	25.0	0.1261 	0.7275 	0.0241 	0.1222 	0.8498 	0.6486	0.04498	0.04566	0.05201	0.05276	0.08343	0.08478	0.09080	0.09221	0.17618	0.17890	0.21501	0.26101	0.26533	0.30398	
10.0 	 0.0 	25.0	0.1357 	0.7314 	0.0208 	0.1121 	0.8435 	0.6705	0.04565	0.04634	0.05319	0.05395	0.08428	0.08562	0.09214	0.09356	0.18061	0.18343	0.22200	0.26572	0.27013	0.31124	
20.0 	 0.0 	25.0	0.1584 	0.7551 	0.0129 	0.0736 	0.8287 	0.7061	0.04798	0.04871	0.05673	0.05759	0.08776	0.08913	0.09684	0.09834	0.19406	0.19733	0.24200	0.28145	0.28631	0.33356	
21.0 	 0.0 	25.0	0.1612 	0.7607 	0.0116 	0.0665 	0.8272 	0.7085	0.04841	0.04915	0.05731	0.05819	0.08847	0.08984	0.09769	0.09921	0.19626	0.19961	0.24509	0.28421	0.28916	0.33722	
22.0 	 0.0 	25.0	0.1643 	0.7678 	0.0101 	0.0578 	0.8256 	0.7108	0.04892	0.04968	0.05800	0.05890	0.08933	0.09072	0.09873	0.10027	0.19885	0.20232	0.24867	0.28752	0.29259	0.34154	
23.0 	 0.0 	25.0	0.1678 	0.7772 	0.0082 	0.0468 	0.8240 	0.7129	0.04958	0.05035	0.05885	0.05978	0.09046	0.09186	0.10005	0.10162	0.20206	0.20568	0.25305	0.29169	0.29691	0.34690	
24.0 	 0.0 	25.0	0.1721 	0.7910 	0.0055 	0.0313 	0.8223 	0.7149	0.05050	0.05129	0.06000	0.06098	0.09206	0.09348	0.10189	0.10351	0.20642	0.21025	0.25889	0.29745	0.30290	0.35417	
25.0 	 0.0 	25.0	0.1794 	0.8206 	0.0000 	0.0000 	0.8206 	0.7167	0.05237	0.05321	0.06227	0.06335	0.09541	0.09688	0.10564	0.10737	0.21501	0.21929	0.27014	0.30907	0.31499	0.36850	
26.0 	 0.0 	25.0	0.1725 	0.7904 	0.0086 	0.0285 	0.8189 	0.7183	0.05049	0.05127	0.06001	0.06099	0.09201	0.09343	0.10187	0.10348	0.20652	0.21036	0.25919	0.29748	0.30293	0.35440	
27.0 	 0.0 	25.0	0.1689 	0.7755 	0.0140 	0.0416 	0.8171 	0.7198	0.04955	0.05031	0.05888	0.05981	0.09033	0.09172	0.09999	0.10155	0.20233	0.20596	0.25379	0.29176	0.29699	0.34745	
28.0 	 0.0 	25.0	0.1663 	0.7646 	0.0184 	0.0507 	0.8153 	0.7212	0.04886	0.04961	0.05806	0.05896	0.08910	0.09047	0.09862	0.10015	0.19931	0.20281	0.24993	0.28762	0.29271	0.34247	
29.0 	 0.0 	25.0	0.1643 	0.7559 	0.0223 	0.0575 	0.8134 	0.7224	0.04832	0.04905	0.05741	0.05828	0.08811	0.08947	0.09753	0.09903	0.19694	0.20033	0.24693	0.28436	0.28933	0.33856	
30.0 	 0.0 	25.0	0.1627 	0.7485 	0.0258 	0.0630 	0.8115 	0.7235	0.04786	0.04859	0.05687	0.05772	0.08728	0.08862	0.09662	0.09810	0.19499	0.19830	0.24449	0.28165	0.28652	0.33535	
31.0 	 0.0 	25.0	0.1614 	0.7420 	0.0291 	0.0675 	0.8095 	0.7245	0.04747	0.04818	0.05640	0.05724	0.08656	0.08789	0.09582	0.09729	0.19334	0.19657	0.24244	0.27933	0.28412	0.33264	
32.0 	 0.0 	25.0	0.1603 	0.7362 	0.0322 	0.0713 	0.8075 	0.7254	0.04712	0.04782	0.05600	0.05682	0.08591	0.08723	0.09512	0.09657	0.19190	0.19508	0.24069	0.27729	0.28203	0.33029	
33.0 	 0.0 	25.0	0.1594 	0.7308 	0.0352 	0.0746 	0.8054 	0.7261	0.04680	0.04750	0.05564	0.05645	0.08532	0.08664	0.09449	0.09593	0.19064	0.19376	0.23917	0.27548	0.28016	0.32823	
34.0 	 0.0 	25.0	0.1587 	0.7258 	0.0381 	0.0774 	0.8032 	0.7267	0.04651	0.04720	0.05531	0.05611	0.08478	0.08609	0.09392	0.09534	0.18951	0.19259	0.23785	0.27385	0.27847	0.32640	
35.0 	 0.0 	25.0	0.1581 	0.7211 	0.0409 	0.0798 	0.8009 	0.7273	0.04624	0.04693	0.05502	0.05581	0.08427	0.08557	0.09338	0.09479	0.18850	0.19154	0.23669	0.27236	0.27694	0.32476	
36.0 	 0.0 	25.0	0.1577 	0.7166 	0.0437 	0.0820 	0.7986 	0.7277	0.04599	0.04667	0.05475	0.05553	0.08379	0.08509	0.09288	0.09428	0.18759	0.19059	0.23566	0.27098	0.27552	0.32328	
37.0 	 0.0 	25.0	0.1573 	0.7123 	0.0465 	0.0839 	0.7962 	0.7280	0.04576	0.04643	0.05450	0.05527	0.08334	0.08462	0.09241	0.09380	0.18675	0.18973	0.23475	0.26971	0.27422	0.32194	
38.0 	 0.0 	25.0	0.1571 	0.7081 	0.0492 	0.0856 	0.7937 	0.7282	0.04553	0.04620	0.05426	0.05503	0.08290	0.08418	0.09197	0.09335	0.18599	0.18893	0.23394	0.26852	0.27299	0.32071	
39.0 	 0.0 	25.0	0.1569 	0.7040 	0.0519 	0.0871 	0.7911 	0.7284	0.04532	0.04599	0.05405	0.05480	0.08248	0.08375	0.09154	0.09291	0.18529	0.18821	0.23323	0.26741	0.27185	0.31960	
40.0 	 0.0 	25.0	0.1569 	0.7000 	0.0547 	0.0885 	0.7884 	0.7284	0.04511	0.04578	0.05384	0.05459	0.08207	0.08333	0.09114	0.09250	0.18464	0.18754	0.23261	0.26635	0.27077	0.31858	
41.0 	 0.0 	25.0	0.1570 	0.6960 	0.0574 	0.0896 	0.7856 	0.7283	0.04492	0.04557	0.05365	0.05440	0.08167	0.08292	0.09074	0.09210	0.18404	0.18692	0.23206	0.26536	0.26975	0.31764	
42.0 	 0.0 	25.0	0.1571 	0.6921 	0.0601 	0.0907 	0.7827 	0.7281	0.04472	0.04538	0.05347	0.05421	0.08127	0.08252	0.09036	0.09171	0.18349	0.18635	0.23159	0.26441	0.26878	0.31678	
43.0 	 0.0 	25.0	0.1573 	0.6881 	0.0629 	0.0916 	0.7797 	0.7278	0.04454	0.04519	0.05330	0.05404	0.08088	0.08213	0.08999	0.09133	0.18299	0.18582	0.23119	0.26351	0.26785	0.31600	
44.0 	 0.0 	25.0	0.1577 	0.6841 	0.0657 	0.0925 	0.7766 	0.7275	0.04435	0.04500	0.05314	0.05387	0.08050	0.08174	0.08963	0.09096	0.18252	0.18534	0.23085	0.26264	0.26696	0.31528	
45.0 	 0.0 	25.0	0.1581 	0.6802 	0.0686 	0.0932 	0.7733 	0.7270	0.04417	0.04482	0.05299	0.05371	0.08011	0.08135	0.08927	0.09060	0.18208	0.18489	0.23058	0.26181	0.26611	0.31462	
46.0 	 0.0 	25.0	0.1586 	0.6762 	0.0715 	0.0938 	0.7700 	0.7264	0.04399	0.04464	0.05284	0.05356	0.07973	0.08096	0.08892	0.09024	0.18168	0.18447	0.23037	0.26101	0.26529	0.31403	
47.0 	 0.0 	25.0	0.1592 	0.6721 	0.0744 	0.0943 	0.7664 	0.7257	0.04382	0.04446	0.05270	0.05342	0.07935	0.08057	0.08858	0.08989	0.18132	0.18410	0.23022	0.26024	0.26450	0.31349	
48.0 	 0.0 	25.0	0.1599 	0.6679 	0.0774 	0.0948 	0.7627 	0.7249	0.04365	0.04428	0.05257	0.05328	0.07896	0.08018	0.08824	0.08954	0.18098	0.18375	0.23013	0.25949	0.26374	0.31300	
49.0 	 0.0 	25.0	0.1607 	0.6637 	0.0805 	0.0951 	0.7589 	0.7240	0.04347	0.04410	0.05245	0.05315	0.07857	0.07978	0.08790	0.08919	0.18068	0.18343	0.23010	0.25877	0.26300	0.31257	
50.0 	 0.0 	25.0	0.1615 	0.6594 	0.0836 	0.0954 	0.7549 	0.7230	0.04330	0.04393	0.05233	0.05303	0.07818	0.07938	0.08756	0.08885	0.18040	0.18315	0.23013	0.25807	0.26229	0.31219	
51.0 	 0.0 	25.0	0.1625 	0.6550 	0.0868 	0.0956 	0.7507 	0.7219	0.04313	0.04375	0.05222	0.05291	0.07778	0.07898	0.08722	0.08850	0.18016	0.18289	0.23021	0.25739	0.26159	0.31187	
52.0 	 0.0 	25.0	0.1636 	0.6505 	0.0901 	0.0958 	0.7463 	0.7207	0.04296	0.04358	0.05211	0.05280	0.07737	0.07856	0.08688	0.08816	0.17994	0.18266	0.23036	0.25672	0.26091	0.31159	
53.0 	 0.0 	25.0	0.1648 	0.6459 	0.0935 	0.0958 	0.7417 	0.7194	0.04278	0.04340	0.05201	0.05269	0.07696	0.07815	0.08655	0.08781	0.17975	0.18247	0.23058	0.25607	0.26025	0.31137	
54.0 	 0.0 	25.0	0.1662 	0.6411 	0.0970 	0.0958 	0.7369 	0.7179	0.04261	0.04322	0.05191	0.05259	0.07654	0.07772	0.08620	0.08746	0.17959	0.18230	0.23085	0.25544	0.25960	0.31120	
55.0 	 0.0 	25.0	0.1676 	0.6361 	0.1006 	0.0957 	0.7318 	0.7164	0.04243	0.04304	0.05182	0.05250	0.07611	0.07728	0.08586	0.08711	0.17946	0.18216	0.23119	0.25482	0.25897	0.31108	
56.0 	 0.0 	25.0	0.1692 	0.6310 	0.1043 	0.0955 	0.7265 	0.7147	0.04225	0.04286	0.05173	0.05241	0.07566	0.07683	0.08551	0.08676	0.17936	0.18205	0.23161	0.25422	0.25835	0.31102	
57.0 	 0.0 	25.0	0.1709 	0.6256 	0.1082 	0.0953 	0.7209 	0.7129	0.04207	0.04267	0.05165	0.05232	0.07521	0.07636	0.08516	0.08640	0.17929	0.18197	0.23209	0.25362	0.25775	0.31100	
58.0 	 0.0 	25.0	0.1728 	0.6201 	0.1122 	0.0949 	0.7151 	0.7109	0.04189	0.04249	0.05157	0.05224	0.07474	0.07589	0.08480	0.08603	0.17924	0.18192	0.23264	0.25303	0.25715	0.31105	
59.0 	 0.0 	25.0	0.1748 	0.6144 	0.1163 	0.0945 	0.7089 	0.7088	0.04170	0.04229	0.05150	0.05216	0.07425	0.07539	0.08443	0.08566	0.17923	0.18191	0.23328	0.25246	0.25656	0.31115	
60.0 	 0.0 	25.0	0.1770 	0.6083 	0.1207 	0.0940 	0.7024 	0.7066	0.04151	0.04210	0.05143	0.05209	0.07375	0.07488	0.08406	0.08527	0.17925	0.18192	0.23399	0.25189	0.25598	0.31131	
61.0 	 0.0 	25.0	0.1793 	0.6021 	0.1252 	0.0934 	0.6955 	0.7042	0.04131	0.04190	0.05137	0.05203	0.07323	0.07435	0.08368	0.08488	0.17931	0.18197	0.23480	0.25133	0.25541	0.31154	
62.0 	 0.0 	25.0	0.1819 	0.5955 	0.1299 	0.0928 	0.6882 	0.7016	0.04111	0.04169	0.05131	0.05197	0.07269	0.07380	0.08329	0.08448	0.17940	0.18206	0.23569	0.25078	0.25485	0.31183	
63.0 	 0.0 	25.0	0.1846 	0.5886 	0.1348 	0.0920 	0.6806 	0.6989	0.04090	0.04148	0.05126	0.05191	0.07212	0.07323	0.08288	0.08407	0.17953	0.18219	0.23669	0.25023	0.25430	0.31219	
64.0 	 0.0 	25.0	0.1876 	0.5813 	0.1400 	0.0911 	0.6724 	0.6960	0.04069	0.04126	0.05122	0.05186	0.07153	0.07262	0.08247	0.08365	0.17970	0.18235	0.23779	0.24969	0.25374	0.31263	
65.0 	 0.0 	25.0	0.1908 	0.5736 	0.1454 	0.0901 	0.6637 	0.6929	0.04046	0.04103	0.05118	0.05182	0.07091	0.07199	0.08204	0.08320	0.17991	0.18256	0.23902	0.24915	0.25320	0.31315	
66.0 	 0.0 	25.0	0.1943 	0.5655 	0.1512 	0.0890 	0.6545 	0.6896	0.04023	0.04079	0.05114	0.05178	0.07026	0.07133	0.08159	0.08275	0.18017	0.18282	0.24036	0.24862	0.25266	0.31376	
67.0 	 0.0 	25.0	0.1981 	0.5569 	0.1572 	0.0877 	0.6447 	0.6861	0.03999	0.04054	0.05112	0.05175	0.06958	0.07064	0.08112	0.08227	0.18048	0.18313	0.24185	0.24809	0.25212	0.31447	
68.0 	 0.0 	25.0	0.2022 	0.5478 	0.1636 	0.0864 	0.6342 	0.6825	0.03974	0.04029	0.05110	0.05173	0.06885	0.06990	0.08064	0.08178	0.18084	0.18349	0.24348	0.24756	0.25158	0.31527	
70.0 	 0.0 	25.0	0.2115 	0.5277 	0.1777 	0.0831 	0.6108 	0.6745	0.03920	0.03973	0.05108	0.05170	0.06727	0.06829	0.07960	0.08071	0.18175	0.18440	0.24727	0.24651	0.25051	0.31723	
 0.0 	180.0 	25.0	0.1182 	0.7238 	0.0291 	0.1289 	0.8527 	0.6372	0.04439	0.04507	0.05101	0.05174	0.08267	0.08401	0.08962	0.09102	0.17245	0.17510	0.20922	0.25696	0.26120	0.29787	
 5.0 	180.0 	25.0	0.1130 	0.7173 	0.0372 	0.1325 	0.8498 	0.6486	0.04379	0.04447	0.05015	0.05087	0.08174	0.08307	0.08842	0.08980	0.16935	0.17195	0.20485	0.25313	0.25731	0.29274	
10.0 	180.0 	25.0	0.1097 	0.7090 	0.0468 	0.1345 	0.8435 	0.6705	0.04320	0.04386	0.04939	0.05009	0.08071	0.08202	0.08722	0.08858	0.16668	0.16923	0.20143	0.24949	0.25360	0.28832	
20.0 	180.0 	25.0	0.1049 	0.6917 	0.0663 	0.1370 	0.8287 	0.7061	0.04208	0.04272	0.04804	0.04872	0.07869	0.07996	0.08497	0.08629	0.16215	0.16463	0.19599	0.24304	0.24705	0.28092	
21.0 	180.0 	25.0	0.1046 	0.6900 	0.0683 	0.1372 	0.8272 	0.7085	0.04197	0.04261	0.04791	0.04859	0.07849	0.07976	0.08476	0.08607	0.16175	0.16422	0.19552	0.24245	0.24645	0.28027	
22.0 	180.0 	25.0	0.1042 	0.6882 	0.0702 	0.1374 	0.8256 	0.7108	0.04186	0.04250	0.04779	0.04847	0.07829	0.07956	0.08454	0.08586	0.16135	0.16382	0.19507	0.24186	0.24586	0.27964	
23.0 	180.0 	25.0	0.1039 	0.6865 	0.0722 	0.1375 	0.8240 	0.7129	0.04175	0.04239	0.04767	0.04834	0.07809	0.07936	0.08433	0.08564	0.16096	0.16342	0.19464	0.24129	0.24527	0.27901	
24.0 	180.0 	25.0	0.1035 	0.6847 	0.0742 	0.1377 	0.8223 	0.7149	0.04165	0.04229	0.04755	0.04822	0.07789	0.07916	0.08412	0.08542	0.16058	0.16303	0.19421	0.24071	0.24470	0.27840	
25.0 	180.0 	25.0	0.1032 	0.6829 	0.0761 	0.1378 	0.8206 	0.7167	0.04154	0.04218	0.04743	0.04810	0.07769	0.07895	0.08390	0.08521	0.16020	0.16265	0.19380	0.24015	0.24412	0.27781	
26.0 	180.0 	25.0	0.1030 	0.6810 	0.0782 	0.1379 	0.8189 	0.7183	0.04143	0.04207	0.04731	0.04798	0.07749	0.07875	0.08369	0.08499	0.15983	0.16228	0.19341	0.23959	0.24356	0.27723	
27.0 	180.0 	25.0	0.1027 	0.6792 	0.0802 	0.1380 	0.8171 	0.7198	0.04133	0.04196	0.04719	0.04786	0.07729	0.07854	0.08348	0.08477	0.15947	0.16192	0.19303	0.23903	0.24300	0.27666	
28.0 	180.0 	25.0	0.1025 	0.6773 	0.0822 	0.1380 	0.8153 	0.7212	0.04122	0.04185	0.04707	0.04774	0.07708	0.07833	0.08326	0.08456	0.15912	0.16156	0.19267	0.23849	0.24244	0.27611	
29.0 	180.0 	25.0	0.1023 	0.6753 	0.0843 	0.1381 	0.8134 	0.7224	0.04111	0.04174	0.04696	0.04763	0.07687	0.07812	0.08305	0.08434	0.15877	0.16121	0.19232	0.23794	0.24189	0.27556	
30.0 	180.0 	25.0	0.1021 	0.6734 	0.0864 	0.1381 	0.8115 	0.7235	0.04100	0.04163	0.04685	0.04751	0.07666	0.07791	0.08284	0.08412	0.15843	0.16087	0.19198	0.23740	0.24135	0.27504	
31.0 	180.0 	25.0	0.1019 	0.6714 	0.0885 	0.1381 	0.8095 	0.7245	0.04089	0.04152	0.04673	0.04740	0.07645	0.07770	0.08262	0.08391	0.15810	0.16053	0.19166	0.23686	0.24080	0.27452	
32.0 	180.0 	25.0	0.1018 	0.6693 	0.0907 	0.1381 	0.8075 	0.7254	0.04079	0.04141	0.04662	0.04728	0.07624	0.07748	0.08240	0.08369	0.15777	0.16020	0.19136	0.23633	0.24026	0.27402	
33.0 	180.0 	25.0	0.1017 	0.6673 	0.0929 	0.1381 	0.8054 	0.7261	0.04068	0.04130	0.04651	0.04717	0.07602	0.07726	0.08219	0.08347	0.15745	0.15988	0.19107	0.23579	0.23973	0.27353	
34.0 	180.0 	25.0	0.1017 	0.6651 	0.0951 	0.1381 	0.8032 	0.7267	0.04056	0.04119	0.04640	0.04706	0.07580	0.07703	0.08197	0.08324	0.15713	0.15956	0.19080	0.23527	0.23919	0.27305	
35.0 	180.0 	25.0	0.1016 	0.6629 	0.0974 	0.1380 	0.8009 	0.7273	0.04045	0.04108	0.04629	0.04695	0.07557	0.07681	0.08175	0.08302	0.15683	0.15925	0.19055	0.23474	0.23866	0.27259	
36.0 	180.0 	25.0	0.1016 	0.6607 	0.0998 	0.1379 	0.7986 	0.7277	0.04034	0.04096	0.04618	0.04684	0.07535	0.07657	0.08152	0.08279	0.15652	0.15895	0.19031	0.23421	0.23813	0.27213	
37.0 	180.0 	25.0	0.1017 	0.6584 	0.1021 	0.1378 	0.7962 	0.7280	0.04023	0.04085	0.04608	0.04673	0.07511	0.07634	0.08130	0.08257	0.15623	0.15865	0.19009	0.23369	0.23760	0.27169	
38.0 	180.0 	25.0	0.1017 	0.6560 	0.1046 	0.1377 	0.7937 	0.7282	0.04011	0.04073	0.04597	0.04662	0.07488	0.07610	0.08107	0.08234	0.15594	0.15836	0.18989	0.23316	0.23707	0.27127	
39.0 	180.0 	25.0	0.1018 	0.6536 	0.1071 	0.1375 	0.7911 	0.7284	0.03999	0.04061	0.04586	0.04652	0.07463	0.07585	0.08084	0.08210	0.15566	0.15808	0.18970	0.23264	0.23655	0.27085	
40.0 	180.0 	25.0	0.1020 	0.6511 	0.1096 	0.1373 	0.7884 	0.7284	0.03987	0.04049	0.04576	0.04641	0.07439	0.07560	0.08060	0.08186	0.15538	0.15780	0.18953	0.23211	0.23602	0.27045	
41.0 	180.0 	25.0	0.1021 	0.6485 	0.1122 	0.1371 	0.7856 	0.7283	0.03975	0.04037	0.04565	0.04630	0.07413	0.07534	0.08037	0.08162	0.15511	0.15753	0.18939	0.23158	0.23549	0.27006	
42.0 	180.0 	25.0	0.1024 	0.6459 	0.1149 	0.1369 	0.7827 	0.7281	0.03963	0.04024	0.04554	0.04619	0.07387	0.07508	0.08013	0.08138	0.15484	0.15726	0.18926	0.23105	0.23495	0.26968	
43.0 	180.0 	25.0	0.1026 	0.6432 	0.1176 	0.1366 	0.7797 	0.7278	0.03951	0.04012	0.04544	0.04609	0.07361	0.07481	0.07988	0.08113	0.15458	0.15700	0.18915	0.23052	0.23442	0.26931	
44.0 	180.0 	25.0	0.1029 	0.6403 	0.1205 	0.1363 	0.7766 	0.7275	0.03938	0.03999	0.04533	0.04598	0.07333	0.07453	0.07963	0.08088	0.15433	0.15675	0.18905	0.22999	0.23388	0.26896	
45.0 	180.0 	25.0	0.1033 	0.6374 	0.1234 	0.1359 	0.7733 	0.7270	0.03925	0.03986	0.04523	0.04588	0.07305	0.07425	0.07938	0.08062	0.15408	0.15650	0.18898	0.22945	0.23334	0.26861	
46.0 	180.0 	25.0	0.1037 	0.6344 	0.1264 	0.1356 	0.7700 	0.7264	0.03912	0.03972	0.04512	0.04577	0.07276	0.07395	0.07912	0.08036	0.15384	0.15626	0.18893	0.22891	0.23280	0.26828	
47.0 	180.0 	25.0	0.1041 	0.6312 	0.1295 	0.1352 	0.7664 	0.7257	0.03898	0.03958	0.04502	0.04566	0.07246	0.07365	0.07885	0.08009	0.15360	0.15602	0.18890	0.22836	0.23225	0.26796	
48.0 	180.0 	25.0	0.1046 	0.6280 	0.1327 	0.1347 	0.7627 	0.7249	0.03884	0.03944	0.04491	0.04555	0.07216	0.07334	0.07858	0.07981	0.15337	0.15579	0.18890	0.22781	0.23169	0.26766	
49.0 	180.0 	25.0	0.1051 	0.6246 	0.1360 	0.1343 	0.7589 	0.7240	0.03870	0.03930	0.04481	0.04545	0.07184	0.07302	0.07830	0.07953	0.15314	0.15556	0.18891	0.22725	0.23113	0.26736	
50.0 	180.0 	25.0	0.1057 	0.6211 	0.1394 	0.1337 	0.7549 	0.7230	0.03856	0.03915	0.04470	0.04534	0.07151	0.07269	0.07801	0.07924	0.15292	0.15534	0.18895	0.22668	0.23056	0.26708	
51.0 	180.0 	25.0	0.1064 	0.6175 	0.1429 	0.1332 	0.7507 	0.7219	0.03841	0.03900	0.04459	0.04523	0.07118	0.07234	0.07772	0.07894	0.15270	0.15512	0.18901	0.22611	0.22999	0.26681	
52.0 	180.0 	25.0	0.1071 	0.6137 	0.1466 	0.1326 	0.7463 	0.7207	0.03825	0.03884	0.04448	0.04512	0.07083	0.07199	0.07742	0.07863	0.15248	0.15491	0.18910	0.22552	0.22940	0.26655	
53.0 	180.0 	25.0	0.1079 	0.6097 	0.1504 	0.1319 	0.7417 	0.7194	0.03809	0.03868	0.04437	0.04501	0.07046	0.07162	0.07711	0.07832	0.15227	0.15470	0.18921	0.22493	0.22880	0.26630	
54.0 	180.0 	25.0	0.1087 	0.6056 	0.1544 	0.1312 	0.7369 	0.7179	0.03793	0.03851	0.04426	0.04489	0.07009	0.07124	0.07679	0.07799	0.15207	0.15450	0.18935	0.22432	0.22819	0.26606	
55.0 	180.0 	25.0	0.1096 	0.6013 	0.1585 	0.1305 	0.7318 	0.7164	0.03776	0.03834	0.04415	0.04478	0.06969	0.07084	0.07645	0.07765	0.15187	0.15430	0.18952	0.22370	0.22757	0.26584	
56.0 	180.0 	25.0	0.1106 	0.5968 	0.1629 	0.1297 	0.7265 	0.7147	0.03758	0.03816	0.04403	0.04466	0.06928	0.07042	0.07611	0.07730	0.15167	0.15411	0.18972	0.22306	0.22693	0.26563	
57.0 	180.0 	25.0	0.1117 	0.5921 	0.1674 	0.1288 	0.7209 	0.7129	0.03740	0.03798	0.04392	0.04455	0.06886	0.06999	0.07575	0.07694	0.15148	0.15392	0.18995	0.22241	0.22628	0.26543	
58.0 	180.0 	25.0	0.1128 	0.5872 	0.1721 	0.1279 	0.7151 	0.7109	0.03721	0.03778	0.04380	0.04443	0.06841	0.06954	0.07538	0.07657	0.15129	0.15373	0.19021	0.22174	0.22561	0.26524	
59.0 	180.0 	25.0	0.1141 	0.5820 	0.1770 	0.1269 	0.7089 	0.7088	0.03701	0.03758	0.04368	0.04430	0.06795	0.06907	0.07500	0.07618	0.15110	0.15355	0.19050	0.22105	0.22492	0.26506	
60.0 	180.0 	25.0	0.1154 	0.5766 	0.1822 	0.1258 	0.7024 	0.7066	0.03680	0.03737	0.04355	0.04418	0.06746	0.06857	0.07459	0.07577	0.15092	0.15337	0.19083	0.22034	0.22420	0.26490	
61.0 	180.0 	25.0	0.1168 	0.5709 	0.1877 	0.1246 	0.6955 	0.7042	0.03659	0.03715	0.04343	0.04405	0.06695	0.06805	0.07417	0.07534	0.15074	0.15319	0.19119	0.21960	0.22347	0.26475	
62.0 	180.0 	25.0	0.1183 	0.5649 	0.1934 	0.1234 	0.6882 	0.7016	0.03636	0.03693	0.04329	0.04391	0.06641	0.06751	0.07374	0.07490	0.15056	0.15302	0.19160	0.21884	0.22270	0.26461	
63.0 	180.0 	25.0	0.1200 	0.5585 	0.1995 	0.1220 	0.6806 	0.6989	0.03613	0.03669	0.04316	0.04377	0.06585	0.06693	0.07328	0.07443	0.15038	0.15285	0.19204	0.21804	0.22190	0.26448	
64.0 	180.0 	25.0	0.1217 	0.5518 	0.2059 	0.1206 	0.6724 	0.6960	0.03588	0.03643	0.04302	0.04363	0.06525	0.06633	0.07279	0.07394	0.15020	0.15268	0.19254	0.21721	0.22107	0.26437	
65.0 	180.0 	25.0	0.1236 	0.5447 	0.2126 	0.1191 	0.6637 	0.6929	0.03562	0.03617	0.04287	0.04348	0.06462	0.06569	0.07228	0.07342	0.15003	0.15251	0.19308	0.21635	0.22021	0.26427	
66.0 	180.0 	25.0	0.1257 	0.5371 	0.2198 	0.1174 	0.6545 	0.6896	0.03534	0.03588	0.04272	0.04333	0.06395	0.06501	0.07174	0.07287	0.14985	0.15234	0.19367	0.21544	0.21930	0.26418	
67.0 	180.0 	25.0	0.1279 	0.5290 	0.2274 	0.1156 	0.6447 	0.6861	0.03504	0.03559	0.04256	0.04316	0.06324	0.06428	0.07117	0.07229	0.14967	0.15217	0.19431	0.21447	0.21833	0.26409	
68.0 	180.0 	25.0	0.1302 	0.5204 	0.2356 	0.1138 	0.6342 	0.6825	0.03473	0.03527	0.04239	0.04299	0.06248	0.06351	0.07056	0.07167	0.14949	0.15199	0.19501	0.21345	0.21731	0.26401	
70.0 	180.0 	25.0	0.1356 	0.5012 	0.2537 	0.1096 	0.6108 	0.6745	0.03403	0.03456	0.04201	0.04261	0.06079	0.06179	0.06920	0.07029	0.14909	0.15161	0.19659	0.21119	0.21505	0.26387	
 0.0 	 0.0 	35.0	0.0917 	0.6956 	0.0555 	0.1572 	0.8527 	0.6372	0.04170	0.04224	0.04693	0.04751	0.07862	0.07969	0.08414	0.08525	0.15600	0.15810	0.18591	0.23620	0.23960	0.26982	
 5.0 	 0.0 	35.0	0.0995 	0.6966 	0.0507 	0.1532 	0.8498 	0.6486	0.04214	0.04269	0.04778	0.04836	0.07910	0.08018	0.08503	0.08615	0.15918	0.16131	0.19105	0.23945	0.24287	0.27504	
10.0 	 0.0 	35.0	0.1088 	0.6963 	0.0477 	0.1472 	0.8435 	0.6705	0.04259	0.04314	0.04872	0.04931	0.07952	0.08058	0.08594	0.08705	0.16277	0.16495	0.19709	0.24293	0.24640	0.28097	
20.0 	 0.0 	35.0	0.1307 	0.6994 	0.0405 	0.1293 	0.8287 	0.7061	0.04385	0.04440	0.05114	0.05176	0.08090	0.08196	0.08848	0.08962	0.17208	0.17443	0.21229	0.25248	0.25610	0.29643	
21.0 	 0.0 	35.0	0.1332 	0.7004 	0.0396 	0.1268 	0.8272 	0.7085	0.04402	0.04458	0.05145	0.05207	0.08112	0.08218	0.08883	0.08997	0.17326	0.17564	0.21416	0.25375	0.25740	0.29840	
22.0 	 0.0 	35.0	0.1358 	0.7015 	0.0386 	0.1241 	0.8256 	0.7108	0.04421	0.04477	0.05177	0.05240	0.08136	0.08242	0.08921	0.09035	0.17451	0.17692	0.21613	0.25511	0.25879	0.30048	
23.0 	 0.0 	35.0	0.1385 	0.7028 	0.0375 	0.1212 	0.8240 	0.7129	0.04441	0.04497	0.05212	0.05275	0.08162	0.08268	0.08962	0.09076	0.17584	0.17828	0.21820	0.25656	0.26028	0.30269	
24.0 	 0.0 	35.0	0.1413 	0.7043 	0.0364 	0.1180 	0.8223 	0.7149	0.04463	0.04519	0.05249	0.05313	0.08191	0.08298	0.09006	0.09121	0.17725	0.17973	0.22040	0.25814	0.26188	0.30506	
25.0 	 0.0 	35.0	0.1442 	0.7061 	0.0351 	0.1145 	0.8206 	0.7167	0.04487	0.04544	0.05288	0.05353	0.08224	0.08331	0.09054	0.09171	0.17878	0.18129	0.22274	0.25984	0.26363	0.30760	
26.0 	 0.0 	35.0	0.1473 	0.7083 	0.0338 	0.1106 	0.8189 	0.7183	0.04514	0.04570	0.05331	0.05397	0.08261	0.08368	0.09108	0.09225	0.18042	0.18299	0.22526	0.26171	0.26555	0.31035	
27.0 	 0.0 	35.0	0.1506 	0.7109 	0.0323 	0.1063 	0.8171 	0.7198	0.04543	0.04600	0.05378	0.05445	0.08303	0.08411	0.09167	0.09285	0.18222	0.18484	0.22798	0.26377	0.26767	0.31335	
28.0 	 0.0 	35.0	0.1540 	0.7140 	0.0307 	0.1013 	0.8153 	0.7212	0.04576	0.04634	0.05430	0.05498	0.08352	0.08460	0.09235	0.09354	0.18421	0.18689	0.23097	0.26608	0.27004	0.31667	
29.0 	 0.0 	35.0	0.1577 	0.7178 	0.0288 	0.0957 	0.8134 	0.7224	0.04614	0.04673	0.05488	0.05558	0.08408	0.08517	0.09311	0.09432	0.18643	0.18918	0.23427	0.26869	0.27272	0.32037	
30.0 	 0.0 	35.0	0.1618 	0.7225 	0.0267 	0.0890 	0.8115 	0.7235	0.04659	0.04718	0.05554	0.05626	0.08476	0.08585	0.09401	0.09523	0.18896	0.19179	0.23798	0.27170	0.27582	0.32459	
31.0 	 0.0 	35.0	0.1663 	0.7284 	0.0242 	0.0811 	0.8095 	0.7245	0.04712	0.04772	0.05631	0.05705	0.08558	0.08669	0.09507	0.09632	0.19190	0.19484	0.24226	0.27525	0.27948	0.32950	
32.0 	 0.0 	35.0	0.1714 	0.7362 	0.0212 	0.0713 	0.8075 	0.7254	0.04777	0.04839	0.05724	0.05801	0.08662	0.08774	0.09639	0.09766	0.19544	0.19852	0.24734	0.27959	0.28396	0.33540	
33.0 	 0.0 	35.0	0.1774 	0.7469 	0.0172 	0.0585 	0.8054 	0.7261	0.04862	0.04926	0.05841	0.05923	0.08800	0.08914	0.09810	0.09941	0.19993	0.20318	0.25369	0.28518	0.28974	0.34288	
34.0 	 0.0 	35.0	0.1852 	0.7632 	0.0116 	0.0400 	0.8032 	0.7267	0.04984	0.05051	0.06005	0.06093	0.09003	0.09120	0.10055	0.10193	0.20619	0.20972	0.26242	0.29310	0.29795	0.35331	
35.0 	 0.0 	35.0	0.1991 	0.8009 	0.0000 	0.0000 	0.8009 	0.7273	0.05246	0.05321	0.06344	0.06446	0.09454	0.09578	0.10582	0.10735	0.21913	0.22329	0.28001	0.30991	0.31542	0.37484	
36.0 	 0.0 	35.0	0.1856 	0.7623 	0.0158 	0.0363 	0.7986 	0.7277	0.04981	0.05048	0.06006	0.06093	0.08995	0.09111	0.10050	0.10188	0.20631	0.20985	0.26278	0.29314	0.29799	0.35361	
37.0 	 0.0 	35.0	0.1786 	0.7444 	0.0252 	0.0519 	0.7962 	0.7280	0.04855	0.04919	0.05843	0.05924	0.08779	0.08892	0.09797	0.09928	0.20020	0.20349	0.25456	0.28521	0.28978	0.34354	
38.0 	 0.0 	35.0	0.1736 	0.7316 	0.0327 	0.0621 	0.7937 	0.7282	0.04765	0.04826	0.05726	0.05803	0.08624	0.08735	0.09616	0.09743	0.19590	0.19901	0.24879	0.27961	0.28399	0.33646	
39.0 	 0.0 	35.0	0.1698 	0.7214 	0.0391 	0.0697 	0.7911 	0.7284	0.04694	0.04754	0.05635	0.05709	0.08502	0.08611	0.09474	0.09597	0.19257	0.19555	0.24435	0.27524	0.27949	0.33099	
40.0 	 0.0 	35.0	0.1666 	0.7129 	0.0449 	0.0756 	0.7884 	0.7284	0.04635	0.04693	0.05560	0.05631	0.08400	0.08507	0.09356	0.09477	0.18986	0.19274	0.24077	0.27166	0.27580	0.32654	
41.0 	 0.0 	35.0	0.1641 	0.7054 	0.0503 	0.0803 	0.7856 	0.7283	0.04584	0.04641	0.05496	0.05566	0.08311	0.08417	0.09254	0.09373	0.18757	0.19038	0.23779	0.26861	0.27268	0.32281	
42.0 	 0.0 	35.0	0.1619 	0.6986 	0.0553 	0.0841 	0.7827 	0.7281	0.04539	0.04596	0.05440	0.05508	0.08232	0.08337	0.09164	0.09281	0.18560	0.18834	0.23527	0.26596	0.26996	0.31961	
43.0 	 0.0 	35.0	0.1602 	0.6924 	0.0601 	0.0873 	0.7797 	0.7278	0.04498	0.04554	0.05391	0.05458	0.08160	0.08264	0.09083	0.09199	0.18388	0.18657	0.23309	0.26362	0.26755	0.31682	
44.0 	 0.0 	35.0	0.1587 	0.6866 	0.0647 	0.0900 	0.7766 	0.7275	0.04461	0.04517	0.05346	0.05412	0.08093	0.08196	0.09010	0.09124	0.18236	0.18500	0.23120	0.26151	0.26539	0.31436	
45.0 	 0.0 	35.0	0.1574 	0.6811 	0.0692 	0.0922 	0.7733 	0.7270	0.04427	0.04482	0.05306	0.05371	0.08031	0.08133	0.08942	0.09055	0.18099	0.18359	0.22955	0.25959	0.26343	0.31216	
46.0 	 0.0 	35.0	0.1564 	0.6758 	0.0737 	0.0941 	0.7700 	0.7264	0.04395	0.04449	0.05270	0.05333	0.07972	0.08073	0.08878	0.08990	0.17976	0.18232	0.22810	0.25783	0.26162	0.31019	
47.0 	 0.0 	35.0	0.1556 	0.6707 	0.0780 	0.0958 	0.7664 	0.7257	0.04365	0.04419	0.05236	0.05299	0.07915	0.08016	0.08818	0.08929	0.17864	0.18117	0.22682	0.25620	0.25996	0.30841	
48.0 	 0.0 	35.0	0.1549 	0.6656 	0.0824 	0.0971 	0.7627 	0.7249	0.04336	0.04389	0.05204	0.05266	0.07861	0.07961	0.08761	0.08871	0.17762	0.18013	0.22569	0.25468	0.25840	0.30680	
49.0 	 0.0 	35.0	0.1544 	0.6606 	0.0867 	0.0983 	0.7589 	0.7240	0.04309	0.04361	0.05175	0.05236	0.07808	0.07907	0.08706	0.08815	0.17669	0.17917	0.22470	0.25325	0.25694	0.30533	
50.0 	 0.0 	35.0	0.1541 	0.6557 	0.0910 	0.0992 	0.7549 	0.7230	0.04282	0.04334	0.05147	0.05208	0.07755	0.07854	0.08653	0.08761	0.17583	0.17829	0.22383	0.25190	0.25556	0.30399	
51.0 	 0.0 	35.0	0.1540 	0.6507 	0.0954 	0.1000 	0.7507 	0.7219	0.04256	0.04308	0.05121	0.05181	0.07704	0.07802	0.08602	0.08709	0.17503	0.17747	0.22307	0.25061	0.25426	0.30276	
52.0 	 0.0 	35.0	0.1539 	0.6457 	0.0998 	0.1006 	0.7463 	0.7207	0.04231	0.04282	0.05097	0.05156	0.07653	0.07750	0.08552	0.08658	0.17430	0.17672	0.22242	0.24939	0.25301	0.30164	
53.0 	 0.0 	35.0	0.1541 	0.6407 	0.1043 	0.1010 	0.7417 	0.7194	0.04206	0.04257	0.05073	0.05132	0.07602	0.07699	0.08503	0.08609	0.17363	0.17603	0.22188	0.24822	0.25182	0.30062	
54.0 	 0.0 	35.0	0.1543 	0.6355 	0.1088 	0.1013 	0.7369 	0.7179	0.04181	0.04232	0.05051	0.05110	0.07552	0.07647	0.08455	0.08560	0.17300	0.17539	0.22142	0.24709	0.25067	0.29968	
55.0 	 0.0 	35.0	0.1548 	0.6303 	0.1134 	0.1015 	0.7318 	0.7164	0.04157	0.04208	0.05030	0.05088	0.07500	0.07596	0.08407	0.08511	0.17243	0.17481	0.22106	0.24600	0.24957	0.29884	
56.0 	 0.0 	35.0	0.1553 	0.6249 	0.1182 	0.1015 	0.7265 	0.7147	0.04133	0.04183	0.05010	0.05068	0.07449	0.07543	0.08360	0.08463	0.17190	0.17426	0.22079	0.24495	0.24849	0.29807	
57.0 	 0.0 	35.0	0.1560 	0.6194 	0.1230 	0.1015 	0.7209 	0.7129	0.04109	0.04159	0.04991	0.05048	0.07396	0.07490	0.08312	0.08415	0.17141	0.17377	0.22060	0.24392	0.24745	0.29737	
58.0 	 0.0 	35.0	0.1569 	0.6138 	0.1280 	0.1013 	0.7151 	0.7109	0.04085	0.04134	0.04972	0.05029	0.07343	0.07436	0.08265	0.08366	0.17096	0.17331	0.22051	0.24292	0.24644	0.29675	
59.0 	 0.0 	35.0	0.1579 	0.6079 	0.1332 	0.1009 	0.7089 	0.7088	0.04061	0.04109	0.04954	0.05011	0.07288	0.07381	0.08217	0.08318	0.17056	0.17289	0.22050	0.24195	0.24545	0.29621	
60.0 	 0.0 	35.0	0.1591 	0.6019 	0.1385 	0.1005 	0.7024 	0.7066	0.04036	0.04084	0.04937	0.04993	0.07232	0.07324	0.08169	0.08269	0.17019	0.17252	0.22058	0.24099	0.24448	0.29573	
61.0 	 0.0 	35.0	0.1605 	0.5956 	0.1440 	0.0999 	0.6955 	0.7042	0.04011	0.04059	0.04921	0.04976	0.07175	0.07266	0.08121	0.08220	0.16986	0.17218	0.22075	0.24005	0.24352	0.29533	
62.0 	 0.0 	35.0	0.1620 	0.5890 	0.1498 	0.0992 	0.6882 	0.7016	0.03986	0.04033	0.04905	0.04960	0.07116	0.07206	0.08071	0.08170	0.16957	0.17188	0.22101	0.23912	0.24258	0.29499	
63.0 	 0.0 	35.0	0.1637 	0.5822 	0.1557 	0.0984 	0.6806 	0.6989	0.03960	0.04007	0.04889	0.04944	0.07054	0.07143	0.08021	0.08118	0.16931	0.17163	0.22137	0.23820	0.24165	0.29473	
64.0 	 0.0 	35.0	0.1656 	0.5750 	0.1620 	0.0974 	0.6724 	0.6960	0.03934	0.03980	0.04875	0.04929	0.06991	0.07079	0.07969	0.08066	0.16910	0.17141	0.22183	0.23728	0.24073	0.29454	
65.0 	 0.0 	35.0	0.1678 	0.5674 	0.1685 	0.0963 	0.6637 	0.6929	0.03906	0.03953	0.04860	0.04914	0.06924	0.07011	0.07916	0.08012	0.16892	0.17123	0.22241	0.23638	0.23981	0.29443	
66.0 	 0.0 	35.0	0.1702 	0.5594 	0.1753 	0.0951 	0.6545 	0.6896	0.03878	0.03924	0.04847	0.04900	0.06855	0.06941	0.07862	0.07957	0.16879	0.17109	0.22309	0.23547	0.23889	0.29439	
67.0 	 0.0 	35.0	0.1728 	0.5510 	0.1825 	0.0937 	0.6447 	0.6861	0.03849	0.03894	0.04833	0.04886	0.06782	0.06867	0.07805	0.07899	0.16870	0.17100	0.22390	0.23456	0.23798	0.29444	
68.0 	 0.0 	35.0	0.1757 	0.5421 	0.1901 	0.0921 	0.6342 	0.6825	0.03819	0.03864	0.04820	0.04873	0.06706	0.06790	0.07747	0.07840	0.16865	0.17095	0.22484	0.23365	0.23706	0.29458	
70.0 	 0.0 	35.0	0.1825 	0.5225 	0.2067 	0.0883 	0.6108 	0.6745	0.03755	0.03798	0.04796	0.04848	0.06539	0.06621	0.07622	0.07713	0.16870	0.17100	0.22716	0.23181	0.23520	0.29514	
 0.0 	180.0 	35.0	0.0917 	0.6956 	0.0555 	0.1572 	0.8527 	0.6372	0.04170	0.04224	0.04693	0.04751	0.07862	0.07969	0.08414	0.08525	0.15600	0.15810	0.18591	0.23620	0.23960	0.26982	
 5.0 	180.0 	35.0	0.0864 	0.6908 	0.0639 	0.1589 	0.8498 	0.6486	0.04119	0.04173	0.04615	0.04672	0.07786	0.07893	0.08311	0.08421	0.15319	0.15526	0.18182	0.23286	0.23622	0.26520	
10.0 	180.0 	35.0	0.0825 	0.6839 	0.0740 	0.1596 	0.8435 	0.6705	0.04064	0.04117	0.04541	0.04597	0.07695	0.07800	0.08201	0.08309	0.15064	0.15268	0.17843	0.22953	0.23284	0.26101	
20.0 	180.0 	35.0	0.0767 	0.6690 	0.0945 	0.1597 	0.8287 	0.7061	0.03958	0.04010	0.04408	0.04462	0.07511	0.07614	0.07989	0.08095	0.14620	0.14820	0.17288	0.22346	0.22671	0.25383	
21.0 	180.0 	35.0	0.0762 	0.6675 	0.0966 	0.1597 	0.8272 	0.7085	0.03948	0.04000	0.04395	0.04450	0.07493	0.07595	0.07969	0.08075	0.14579	0.14780	0.17239	0.22290	0.22615	0.25319	
22.0 	180.0 	35.0	0.0758 	0.6659 	0.0986 	0.1596 	0.8256 	0.7108	0.03938	0.03990	0.04383	0.04437	0.07475	0.07577	0.07949	0.08054	0.14540	0.14740	0.17193	0.22235	0.22559	0.25256	
23.0 	180.0 	35.0	0.0753 	0.6644 	0.1007 	0.1596 	0.8240 	0.7129	0.03928	0.03979	0.04371	0.04425	0.07457	0.07558	0.07928	0.08034	0.14501	0.14701	0.17147	0.22180	0.22504	0.25195	
24.0 	180.0 	35.0	0.0749 	0.6628 	0.1028 	0.1595 	0.8223 	0.7149	0.03918	0.03969	0.04359	0.04413	0.07438	0.07540	0.07908	0.08013	0.14463	0.14663	0.17103	0.22126	0.22449	0.25135	
25.0 	180.0 	35.0	0.0745 	0.6612 	0.1049 	0.1594 	0.8206 	0.7167	0.03908	0.03959	0.04347	0.04401	0.07420	0.07521	0.07888	0.07993	0.14426	0.14626	0.17060	0.22072	0.22395	0.25076	
26.0 	180.0 	35.0	0.0741 	0.6596 	0.1070 	0.1593 	0.8189 	0.7183	0.03897	0.03949	0.04335	0.04389	0.07401	0.07502	0.07868	0.07972	0.14389	0.14589	0.17019	0.22019	0.22341	0.25019	
27.0 	180.0 	35.0	0.0738 	0.6579 	0.1091 	0.1592 	0.8171 	0.7198	0.03887	0.03938	0.04323	0.04377	0.07383	0.07483	0.07848	0.07952	0.14353	0.14553	0.16979	0.21966	0.22288	0.24963	
28.0 	180.0 	35.0	0.0734 	0.6562 	0.1113 	0.1591 	0.8153 	0.7212	0.03877	0.03928	0.04312	0.04366	0.07364	0.07464	0.07828	0.07932	0.14318	0.14517	0.16940	0.21913	0.22235	0.24907	
29.0 	180.0 	35.0	0.0731 	0.6545 	0.1134 	0.1589 	0.8134 	0.7224	0.03867	0.03918	0.04300	0.04354	0.07344	0.07445	0.07807	0.07911	0.14283	0.14482	0.16902	0.21861	0.22183	0.24853	
30.0 	180.0 	35.0	0.0728 	0.6528 	0.1157 	0.1587 	0.8115 	0.7235	0.03857	0.03907	0.04289	0.04343	0.07325	0.07425	0.07787	0.07891	0.14249	0.14448	0.16866	0.21809	0.22131	0.24801	
31.0 	180.0 	35.0	0.0726 	0.6510 	0.1179 	0.1585 	0.8095 	0.7245	0.03846	0.03897	0.04278	0.04331	0.07305	0.07405	0.07766	0.07870	0.14215	0.14414	0.16832	0.21758	0.22079	0.24749	
32.0 	180.0 	35.0	0.0723 	0.6491 	0.1202 	0.1583 	0.8075 	0.7254	0.03836	0.03886	0.04266	0.04320	0.07285	0.07385	0.07746	0.07849	0.14182	0.14381	0.16799	0.21706	0.22027	0.24698	
33.0 	180.0 	35.0	0.0721 	0.6473 	0.1225 	0.1581 	0.8054 	0.7261	0.03825	0.03876	0.04255	0.04309	0.07265	0.07365	0.07725	0.07828	0.14150	0.14349	0.16767	0.21655	0.21976	0.24649	
34.0 	180.0 	35.0	0.0720 	0.6453 	0.1248 	0.1579 	0.8032 	0.7267	0.03815	0.03865	0.04244	0.04297	0.07245	0.07344	0.07704	0.07807	0.14118	0.14317	0.16737	0.21604	0.21924	0.24600	
35.0 	180.0 	35.0	0.0718 	0.6434 	0.1272 	0.1576 	0.8009 	0.7273	0.03804	0.03854	0.04233	0.04286	0.07224	0.07322	0.07683	0.07785	0.14086	0.14285	0.16708	0.21552	0.21873	0.24552	
36.0 	180.0 	35.0	0.0717 	0.6413 	0.1297 	0.1573 	0.7986 	0.7277	0.03793	0.03843	0.04222	0.04275	0.07202	0.07301	0.07661	0.07764	0.14055	0.14254	0.16680	0.21501	0.21821	0.24506	
37.0 	180.0 	35.0	0.0716 	0.6392 	0.1322 	0.1570 	0.7962 	0.7280	0.03782	0.03832	0.04211	0.04264	0.07180	0.07279	0.07639	0.07742	0.14024	0.14223	0.16654	0.21450	0.21770	0.24460	
38.0 	180.0 	35.0	0.0715 	0.6371 	0.1347 	0.1566 	0.7937 	0.7282	0.03771	0.03821	0.04200	0.04253	0.07158	0.07256	0.07617	0.07719	0.13994	0.14193	0.16629	0.21399	0.21718	0.24415	
39.0 	180.0 	35.0	0.0715 	0.6349 	0.1374 	0.1563 	0.7911 	0.7284	0.03760	0.03809	0.04189	0.04242	0.07135	0.07233	0.07595	0.07697	0.13964	0.14163	0.16606	0.21347	0.21667	0.24372	
40.0 	180.0 	35.0	0.0715 	0.6326 	0.1400 	0.1559 	0.7884 	0.7284	0.03748	0.03797	0.04178	0.04231	0.07112	0.07209	0.07572	0.07674	0.13935	0.14134	0.16584	0.21295	0.21615	0.24329	
41.0 	180.0 	35.0	0.0716 	0.6302 	0.1428 	0.1554 	0.7856 	0.7283	0.03736	0.03786	0.04167	0.04220	0.07088	0.07185	0.07549	0.07650	0.13906	0.14105	0.16564	0.21243	0.21562	0.24287	
42.0 	180.0 	35.0	0.0716 	0.6278 	0.1456 	0.1550 	0.7827 	0.7281	0.03724	0.03773	0.04156	0.04209	0.07063	0.07160	0.07526	0.07627	0.13877	0.14077	0.16545	0.21190	0.21509	0.24245	
43.0 	180.0 	35.0	0.0717 	0.6252 	0.1485 	0.1545 	0.7797 	0.7278	0.03712	0.03761	0.04145	0.04198	0.07038	0.07134	0.07502	0.07602	0.13849	0.14048	0.16528	0.21137	0.21456	0.24205	
44.0 	180.0 	35.0	0.0719 	0.6226 	0.1515 	0.1540 	0.7766 	0.7275	0.03700	0.03749	0.04134	0.04186	0.07011	0.07108	0.07477	0.07578	0.13821	0.14020	0.16512	0.21084	0.21402	0.24165	
45.0 	180.0 	35.0	0.0720 	0.6199 	0.1546 	0.1534 	0.7733 	0.7270	0.03687	0.03736	0.04123	0.04175	0.06985	0.07081	0.07452	0.07552	0.13793	0.13993	0.16497	0.21029	0.21348	0.24126	
46.0 	180.0 	35.0	0.0722 	0.6171 	0.1578 	0.1529 	0.7700 	0.7264	0.03674	0.03722	0.04112	0.04164	0.06957	0.07053	0.07426	0.07526	0.13765	0.13965	0.16484	0.20974	0.21293	0.24088	
47.0 	180.0 	35.0	0.0725 	0.6142 	0.1611 	0.1522 	0.7664 	0.7257	0.03660	0.03709	0.04100	0.04152	0.06928	0.07024	0.07400	0.07500	0.13738	0.13938	0.16473	0.20919	0.21237	0.24050	
48.0 	180.0 	35.0	0.0728 	0.6112 	0.1645 	0.1516 	0.7627 	0.7249	0.03647	0.03695	0.04089	0.04141	0.06899	0.06994	0.07373	0.07472	0.13711	0.13911	0.16463	0.20862	0.21180	0.24013	
49.0 	180.0 	35.0	0.0731 	0.6080 	0.1680 	0.1509 	0.7589 	0.7240	0.03632	0.03681	0.04077	0.04129	0.06868	0.06963	0.07345	0.07444	0.13684	0.13884	0.16455	0.20804	0.21123	0.23976	
50.0 	180.0 	35.0	0.0735 	0.6047 	0.1717 	0.1501 	0.7549 	0.7230	0.03618	0.03666	0.04065	0.04117	0.06837	0.06931	0.07317	0.07415	0.13656	0.13857	0.16449	0.20745	0.21064	0.23940	
51.0 	180.0 	35.0	0.0739 	0.6013 	0.1754 	0.1493 	0.7507 	0.7219	0.03603	0.03650	0.04053	0.04105	0.06804	0.06898	0.07287	0.07385	0.13629	0.13830	0.16444	0.20685	0.21003	0.23904	
52.0 	180.0 	35.0	0.0744 	0.5978 	0.1794 	0.1485 	0.7463 	0.7207	0.03587	0.03635	0.04041	0.04092	0.06770	0.06863	0.07257	0.07354	0.13602	0.13803	0.16440	0.20624	0.20942	0.23869	
53.0 	180.0 	35.0	0.0749 	0.5941 	0.1835 	0.1476 	0.7417 	0.7194	0.03571	0.03618	0.04028	0.04080	0.06735	0.06827	0.07225	0.07323	0.13575	0.13776	0.16438	0.20560	0.20879	0.23834	
54.0 	180.0 	35.0	0.0754 	0.5902 	0.1877 	0.1467 	0.7369 	0.7179	0.03554	0.03602	0.04016	0.04067	0.06698	0.06790	0.07192	0.07290	0.13548	0.13749	0.16438	0.20496	0.20814	0.23799	
55.0 	180.0 	35.0	0.0760 	0.5861 	0.1922 	0.1457 	0.7318 	0.7164	0.03537	0.03584	0.04002	0.04054	0.06659	0.06751	0.07158	0.07255	0.13520	0.13722	0.16440	0.20429	0.20747	0.23764	
56.0 	180.0 	35.0	0.0767 	0.5819 	0.1968 	0.1446 	0.7265 	0.7147	0.03519	0.03566	0.03989	0.04040	0.06619	0.06710	0.07123	0.07219	0.13492	0.13694	0.16443	0.20359	0.20678	0.23729	
57.0 	180.0 	35.0	0.0774 	0.5774 	0.2017 	0.1435 	0.7209 	0.7129	0.03500	0.03547	0.03975	0.04026	0.06577	0.06668	0.07086	0.07182	0.13462	0.13665	0.16447	0.20287	0.20605	0.23693	
58.0 	180.0 	35.0	0.0781 	0.5727 	0.2068 	0.1423 	0.7151 	0.7109	0.03480	0.03526	0.03960	0.04011	0.06533	0.06623	0.07047	0.07143	0.13432	0.13635	0.16451	0.20211	0.20530	0.23655	
59.0 	180.0 	35.0	0.0789 	0.5678 	0.2122 	0.1411 	0.7089 	0.7088	0.03459	0.03505	0.03945	0.03995	0.06486	0.06576	0.07006	0.07101	0.13401	0.13604	0.16457	0.20132	0.20450	0.23617	
60.0 	180.0 	35.0	0.0798 	0.5626 	0.2178 	0.1398 	0.7024 	0.7066	0.03437	0.03483	0.03928	0.03979	0.06437	0.06526	0.06964	0.07058	0.13368	0.13572	0.16463	0.20049	0.20367	0.23576	
61.0 	180.0 	35.0	0.0807 	0.5571 	0.2238 	0.1384 	0.6955 	0.7042	0.03414	0.03460	0.03911	0.03962	0.06385	0.06474	0.06919	0.07012	0.13334	0.13538	0.16471	0.19962	0.20280	0.23535	
62.0 	180.0 	35.0	0.0816 	0.5513 	0.2301 	0.1370 	0.6882 	0.7016	0.03390	0.03435	0.03894	0.03944	0.06331	0.06418	0.06871	0.06964	0.13298	0.13503	0.16480	0.19870	0.20188	0.23492	
63.0 	180.0 	35.0	0.0827 	0.5451 	0.2368 	0.1355 	0.6806 	0.6989	0.03364	0.03409	0.03875	0.03925	0.06273	0.06360	0.06821	0.06913	0.13261	0.13466	0.16490	0.19774	0.20092	0.23447	
64.0 	180.0 	35.0	0.0838 	0.5386 	0.2438 	0.1338 	0.6724 	0.6960	0.03337	0.03381	0.03855	0.03905	0.06212	0.06298	0.06767	0.06860	0.13221	0.13428	0.16501	0.19671	0.19990	0.23400	
65.0 	180.0 	35.0	0.0850 	0.5316 	0.2513 	0.1321 	0.6637 	0.6929	0.03308	0.03352	0.03834	0.03884	0.06147	0.06232	0.06711	0.06803	0.13180	0.13387	0.16514	0.19564	0.19882	0.23351	
66.0 	180.0 	35.0	0.0863 	0.5242 	0.2592 	0.1303 	0.6545 	0.6896	0.03277	0.03321	0.03812	0.03862	0.06078	0.06162	0.06651	0.06742	0.13137	0.13344	0.16528	0.19449	0.19768	0.23299	
67.0 	180.0 	35.0	0.0877 	0.5163 	0.2677 	0.1283 	0.6447 	0.6861	0.03245	0.03288	0.03789	0.03838	0.06004	0.06088	0.06587	0.06678	0.13091	0.13300	0.16544	0.19328	0.19646	0.23246	
68.0 	180.0 	35.0	0.0892 	0.5079 	0.2767 	0.1262 	0.6342 	0.6825	0.03210	0.03253	0.03764	0.03813	0.05926	0.06008	0.06519	0.06609	0.13043	0.13252	0.16563	0.19199	0.19517	0.23189	
70.0 	180.0 	35.0	0.0925 	0.4892 	0.2967 	0.1216 	0.6108 	0.6745	0.03133	0.03175	0.03709	0.03757	0.05751	0.05832	0.06369	0.06456	0.12938	0.13149	0.16606	0.18913	0.19232	0.23066	
 0.0 	 0.0 	50.0	0.0614 	0.6474 	0.0858 	0.2053 	0.8527 	0.6372	0.03809	0.03841	0.04177	0.04211	0.07290	0.07353	0.07683	0.07749	0.13477	0.13607	0.15687	0.20836	0.21046	0.23377	
 5.0 	 0.0 	50.0	0.0680 	0.6465 	0.0822 	0.2033 	0.8498 	0.6486	0.03837	0.03869	0.04240	0.04274	0.07312	0.07375	0.07740	0.07806	0.13714	0.13845	0.16090	0.21061	0.21272	0.23769	
10.0 	 0.0 	50.0	0.0759 	0.6434 	0.0806 	0.2001 	0.8435 	0.6705	0.03861	0.03893	0.04306	0.04340	0.07319	0.07382	0.07789	0.07854	0.13973	0.14106	0.16555	0.21285	0.21496	0.24198	
20.0 	 0.0 	50.0	0.0945 	0.6374 	0.0768 	0.1914 	0.8287 	0.7061	0.03924	0.03956	0.04467	0.04502	0.07348	0.07409	0.07917	0.07982	0.14612	0.14750	0.17684	0.21858	0.22073	0.25265	
21.0 	 0.0 	50.0	0.0966 	0.6369 	0.0763 	0.1903 	0.8272 	0.7085	0.03932	0.03963	0.04486	0.04521	0.07353	0.07414	0.07933	0.07998	0.14687	0.14826	0.17815	0.21928	0.22144	0.25391	
22.0 	 0.0 	50.0	0.0987 	0.6364 	0.0757 	0.1892 	0.8256 	0.7108	0.03940	0.03972	0.04506	0.04541	0.07358	0.07420	0.07950	0.08015	0.14765	0.14905	0.17950	0.22001	0.22218	0.25522	
23.0 	 0.0 	50.0	0.1009 	0.6359 	0.0751 	0.1881 	0.8240 	0.7129	0.03949	0.03981	0.04527	0.04562	0.07364	0.07425	0.07968	0.08033	0.14846	0.14986	0.18089	0.22077	0.22295	0.25658	
24.0 	 0.0 	50.0	0.1032 	0.6354 	0.0745 	0.1869 	0.8223 	0.7149	0.03958	0.03990	0.04548	0.04583	0.07371	0.07432	0.07986	0.08052	0.14930	0.15071	0.18233	0.22156	0.22375	0.25798	
25.0 	 0.0 	50.0	0.1055 	0.6350 	0.0739 	0.1856 	0.8206 	0.7167	0.03968	0.03999	0.04570	0.04605	0.07378	0.07439	0.08006	0.08071	0.15016	0.15159	0.18382	0.22239	0.22458	0.25943	
26.0 	 0.0 	50.0	0.1079 	0.6346 	0.0732 	0.1843 	0.8189 	0.7183	0.03978	0.04009	0.04592	0.04628	0.07385	0.07446	0.08026	0.08092	0.15106	0.15250	0.18536	0.22325	0.22546	0.26094	
27.0 	 0.0 	50.0	0.1103 	0.6342 	0.0726 	0.1829 	0.8171 	0.7198	0.03988	0.04020	0.04616	0.04652	0.07394	0.07455	0.08048	0.08113	0.15200	0.15345	0.18695	0.22415	0.22637	0.26251	
28.0 	 0.0 	50.0	0.1129 	0.6339 	0.0718 	0.1814 	0.8153 	0.7212	0.03999	0.04031	0.04641	0.04677	0.07403	0.07464	0.08070	0.08136	0.15297	0.15443	0.18861	0.22510	0.22733	0.26414	
29.0 	 0.0 	50.0	0.1155 	0.6336 	0.0711 	0.1798 	0.8134 	0.7224	0.04011	0.04043	0.04666	0.04703	0.07412	0.07473	0.08094	0.08160	0.15399	0.15546	0.19032	0.22608	0.22833	0.26584	
30.0 	 0.0 	50.0	0.1182 	0.6333 	0.0703 	0.1782 	0.8115 	0.7235	0.04023	0.04055	0.04693	0.04730	0.07423	0.07484	0.08119	0.08186	0.15504	0.15653	0.19211	0.22712	0.22938	0.26762	
31.0 	 0.0 	50.0	0.1210 	0.6331 	0.0695 	0.1764 	0.8095 	0.7245	0.04036	0.04068	0.04721	0.04758	0.07435	0.07496	0.08146	0.08213	0.15615	0.15766	0.19397	0.22822	0.23049	0.26948	
32.0 	 0.0 	50.0	0.1239 	0.6330 	0.0686 	0.1745 	0.8075 	0.7254	0.04050	0.04082	0.04751	0.04788	0.07447	0.07509	0.08175	0.08241	0.15731	0.15884	0.19592	0.22937	0.23166	0.27143	
33.0 	 0.0 	50.0	0.1269 	0.6329 	0.0677 	0.1725 	0.8054 	0.7261	0.04065	0.04097	0.04782	0.04819	0.07461	0.07523	0.08205	0.08272	0.15854	0.16008	0.19796	0.23059	0.23291	0.27348	
34.0 	 0.0 	50.0	0.1300 	0.6329 	0.0668 	0.1703 	0.8032 	0.7267	0.04081	0.04113	0.04814	0.04852	0.07477	0.07538	0.08237	0.08305	0.15982	0.16139	0.20010	0.23189	0.23423	0.27565	
35.0 	 0.0 	50.0	0.1333 	0.6330 	0.0658 	0.1679 	0.8009 	0.7273	0.04098	0.04131	0.04849	0.04887	0.07494	0.07556	0.08272	0.08340	0.16119	0.16278	0.20236	0.23327	0.23563	0.27794	
36.0 	 0.0 	50.0	0.1367 	0.6333 	0.0647 	0.1654 	0.7986 	0.7277	0.04117	0.04149	0.04886	0.04925	0.07513	0.07575	0.08310	0.08378	0.16264	0.16425	0.20474	0.23475	0.23714	0.28037	
37.0 	 0.0 	50.0	0.1403 	0.6337 	0.0635 	0.1626 	0.7962 	0.7280	0.04137	0.04170	0.04925	0.04965	0.07535	0.07597	0.08351	0.08419	0.16418	0.16583	0.20727	0.23635	0.23877	0.28296	
38.0 	 0.0 	50.0	0.1441 	0.6342 	0.0622 	0.1595 	0.7937 	0.7282	0.04159	0.04192	0.04967	0.05008	0.07559	0.07621	0.08395	0.08465	0.16584	0.16752	0.20997	0.23807	0.24053	0.28574	
39.0 	 0.0 	50.0	0.1481 	0.6350 	0.0608 	0.1561 	0.7911 	0.7284	0.04183	0.04217	0.05013	0.05054	0.07587	0.07649	0.08445	0.08515	0.16762	0.16934	0.21286	0.23995	0.24245	0.28874	
40.0 	 0.0 	50.0	0.1523 	0.6361 	0.0593 	0.1523 	0.7884 	0.7284	0.04210	0.04244	0.05063	0.05104	0.07619	0.07681	0.08499	0.08570	0.16957	0.17133	0.21597	0.24202	0.24455	0.29199	
41.0 	 0.0 	50.0	0.1568 	0.6375 	0.0575 	0.1481 	0.7856 	0.7283	0.04240	0.04275	0.05117	0.05160	0.07656	0.07718	0.08561	0.08632	0.17169	0.17350	0.21936	0.24430	0.24689	0.29556	
42.0 	 0.0 	50.0	0.1617 	0.6394 	0.0556 	0.1433 	0.7827 	0.7281	0.04274	0.04309	0.05178	0.05221	0.07699	0.07762	0.08630	0.08703	0.17404	0.17591	0.22307	0.24686	0.24950	0.29949	
43.0 	 0.0 	50.0	0.1669 	0.6420 	0.0533 	0.1378 	0.7797 	0.7278	0.04314	0.04349	0.05245	0.05291	0.07750	0.07814	0.08710	0.08784	0.17667	0.17861	0.22718	0.24975	0.25247	0.30389	
44.0 	 0.0 	50.0	0.1727 	0.6453 	0.0507 	0.1313 	0.7766 	0.7275	0.04360	0.04396	0.05322	0.05369	0.07812	0.07877	0.08803	0.08879	0.17966	0.18168	0.23180	0.25309	0.25590	0.30889	
45.0 	 0.0 	50.0	0.1791 	0.6497 	0.0475 	0.1237 	0.7733 	0.7270	0.04415	0.04452	0.05412	0.05461	0.07889	0.07954	0.08914	0.08992	0.18312	0.18524	0.23709	0.25702	0.25993	0.31467	
46.0 	 0.0 	50.0	0.1864 	0.6557 	0.0437 	0.1142 	0.7700 	0.7264	0.04482	0.04521	0.05518	0.05570	0.07985	0.08052	0.09050	0.09131	0.18723	0.18948	0.24330	0.26176	0.26480	0.32154	
47.0 	 0.0 	50.0	0.1949 	0.6642 	0.0387 	0.1022 	0.7664 	0.7257	0.04568	0.04609	0.05650	0.05706	0.08113	0.08182	0.09224	0.09309	0.19230	0.19472	0.25085	0.26771	0.27093	0.33000	
48.0 	 0.0 	50.0	0.2052 	0.6768 	0.0320 	0.0859 	0.7627 	0.7249	0.04685	0.04728	0.05822	0.05884	0.08292	0.08363	0.09459	0.09549	0.19893	0.20159	0.26056	0.27564	0.27911	0.34105	
49.0 	 0.0 	50.0	0.2190 	0.6977 	0.0221 	0.0611 	0.7589 	0.7240	0.04861	0.04909	0.06073	0.06143	0.08573	0.08648	0.09814	0.09913	0.20859	0.21163	0.27442	0.28745	0.29132	0.35711	
50.0 	 0.0 	50.0	0.2451 	0.7549 	0.0000 	0.0000 	0.7549 	0.7230	0.05285	0.05345	0.06639	0.06734	0.09281	0.09369	0.10665	0.10789	0.23046	0.23456	0.30482	0.31516	0.32011	0.39345	
51.0 	 0.0 	50.0	0.2196 	0.6958 	0.0297 	0.0549 	0.7507 	0.7219	0.04854	0.04902	0.06071	0.06142	0.08554	0.08630	0.09801	0.09900	0.20873	0.21180	0.27498	0.28743	0.29131	0.35754	
52.0 	 0.0 	50.0	0.2071 	0.6714 	0.0466 	0.0749 	0.7463 	0.7207	0.04666	0.04710	0.05817	0.05879	0.08244	0.08314	0.09425	0.09515	0.19923	0.20193	0.26182	0.27545	0.27895	0.34190	
53.0 	 0.0 	50.0	0.1983 	0.6546 	0.0600 	0.0871 	0.7417 	0.7194	0.04537	0.04577	0.05642	0.05699	0.08029	0.08097	0.09165	0.09249	0.19277	0.19525	0.25292	0.26731	0.27057	0.33132	
54.0 	 0.0 	50.0	0.1917 	0.6415 	0.0715 	0.0954 	0.7369 	0.7179	0.04436	0.04475	0.05508	0.05560	0.07862	0.07928	0.08964	0.09044	0.18790	0.19022	0.24626	0.26111	0.26422	0.32335	
55.0 	 0.0 	50.0	0.1864 	0.6304 	0.0817 	0.1014 	0.7318 	0.7164	0.04354	0.04391	0.05399	0.05449	0.07723	0.07787	0.08799	0.08877	0.18400	0.18621	0.24100	0.25612	0.25910	0.31701	
56.0 	 0.0 	50.0	0.1822 	0.6207 	0.0913 	0.1058 	0.7265 	0.7147	0.04283	0.04319	0.05307	0.05355	0.07603	0.07665	0.08658	0.08733	0.18077	0.18290	0.23673	0.25192	0.25482	0.31179	
57.0 	 0.0 	50.0	0.1788 	0.6118 	0.1003 	0.1091 	0.7209 	0.7129	0.04221	0.04256	0.05228	0.05274	0.07495	0.07557	0.08533	0.08607	0.17804	0.18010	0.23317	0.24831	0.25113	0.30737	
58.0 	 0.0 	50.0	0.1760 	0.6035 	0.1089 	0.1116 	0.7151 	0.7109	0.04165	0.04199	0.05158	0.05203	0.07396	0.07457	0.08421	0.08493	0.17567	0.17768	0.23018	0.24512	0.24789	0.30359	
59.0 	 0.0 	50.0	0.1738 	0.5955 	0.1174 	0.1134 	0.7089 	0.7088	0.04113	0.04147	0.05096	0.05140	0.07303	0.07363	0.08319	0.08389	0.17360	0.17557	0.22763	0.24227	0.24499	0.30029	
60.0 	 0.0 	50.0	0.1720 	0.5878 	0.1257 	0.1146 	0.7024 	0.7066	0.04065	0.04098	0.05040	0.05083	0.07215	0.07274	0.08223	0.08292	0.17177	0.17370	0.22546	0.23968	0.24236	0.29739	
61.0 	 0.0 	50.0	0.1706 	0.5802 	0.1339 	0.1154 	0.6955 	0.7042	0.04019	0.04052	0.04989	0.05030	0.07130	0.07188	0.08132	0.08201	0.17013	0.17203	0.22361	0.23730	0.23995	0.29482	
62.0 	 0.0 	50.0	0.1696 	0.5725 	0.1422 	0.1157 	0.6882 	0.7016	0.03976	0.04008	0.04941	0.04982	0.07047	0.07104	0.08046	0.08113	0.16866	0.17053	0.22203	0.23509	0.23771	0.29254	
63.0 	 0.0 	50.0	0.1689 	0.5649 	0.1506 	0.1157 	0.6806 	0.6989	0.03933	0.03965	0.04897	0.04938	0.06965	0.07022	0.07962	0.08029	0.16733	0.16919	0.22070	0.23302	0.23561	0.29050	
64.0 	 0.0 	50.0	0.1685 	0.5570 	0.1591 	0.1154 	0.6724 	0.6960	0.03892	0.03923	0.04856	0.04896	0.06883	0.06939	0.07881	0.07947	0.16613	0.16797	0.21959	0.23106	0.23363	0.28868	
65.0 	 0.0 	50.0	0.1685 	0.5490 	0.1678 	0.1147 	0.6637 	0.6929	0.03852	0.03882	0.04817	0.04856	0.06801	0.06856	0.07801	0.07866	0.16503	0.16686	0.21869	0.22920	0.23175	0.28705	
66.0 	 0.0 	50.0	0.1688 	0.5408 	0.1767 	0.1137 	0.6545 	0.6896	0.03811	0.03842	0.04780	0.04819	0.06717	0.06772	0.07722	0.07786	0.16404	0.16586	0.21798	0.22741	0.22995	0.28560	
67.0 	 0.0 	50.0	0.1694 	0.5322 	0.1859 	0.1125 	0.6447 	0.6861	0.03771	0.03801	0.04746	0.04784	0.06632	0.06686	0.07643	0.07706	0.16314	0.16495	0.21746	0.22569	0.22822	0.28431	
68.0 	 0.0 	50.0	0.1703 	0.5232 	0.1955 	0.1109 	0.6342 	0.6825	0.03730	0.03760	0.04712	0.04750	0.06545	0.06598	0.07563	0.07626	0.16232	0.16412	0.21712	0.22401	0.22653	0.28317	
70.0 	 0.0 	50.0	0.1732 	0.5039 	0.2161 	0.1069 	0.6108 	0.6745	0.03647	0.03676	0.04649	0.04686	0.06360	0.06412	0.07400	0.07461	0.16091	0.16272	0.21700	0.22076	0.22328	0.28132	
 0.0 	180.0 	50.0	0.0614 	0.6474 	0.0858 	0.2053 	0.8527 	0.6372	0.03809	0.03841	0.04177	0.04211	0.07290	0.07353	0.07683	0.07749	0.13477	0.13607	0.15687	0.20836	0.21046	0.23377	
 5.0 	180.0 	50.0	0.0568 	0.6443 	0.0935 	0.2055 	0.8498 	0.6486	0.03770	0.03802	0.04114	0.04148	0.07233	0.07296	0.07603	0.07668	0.13252	0.13382	0.15354	0.20576	0.20785	0.23010	
10.0 	180.0 	50.0	0.0533 	0.6388 	0.1032 	0.2047 	0.8435 	0.6705	0.03724	0.03755	0.04051	0.04085	0.07159	0.07221	0.07511	0.07576	0.13040	0.13169	0.15071	0.20304	0.20510	0.22666	
20.0 	180.0 	50.0	0.0482 	0.6265 	0.1231 	0.2022 	0.8287 	0.7061	0.03635	0.03666	0.03939	0.03972	0.07005	0.07065	0.07334	0.07397	0.12674	0.12802	0.14613	0.19808	0.20012	0.22080	
21.0 	180.0 	50.0	0.0478 	0.6253 	0.1251 	0.2019 	0.8272 	0.7085	0.03627	0.03657	0.03929	0.03962	0.06990	0.07050	0.07317	0.07380	0.12641	0.12769	0.14575	0.19762	0.19967	0.22029	
22.0 	180.0 	50.0	0.0474 	0.6240 	0.1270 	0.2016 	0.8256 	0.7108	0.03618	0.03649	0.03918	0.03951	0.06974	0.07035	0.07300	0.07363	0.12610	0.12738	0.14538	0.19718	0.19922	0.21980	
23.0 	180.0 	50.0	0.0470 	0.6227 	0.1290 	0.2013 	0.8240 	0.7129	0.03610	0.03640	0.03908	0.03941	0.06959	0.07019	0.07283	0.07346	0.12579	0.12707	0.14502	0.19674	0.19878	0.21931	
24.0 	180.0 	50.0	0.0467 	0.6213 	0.1310 	0.2010 	0.8223 	0.7149	0.03601	0.03632	0.03899	0.03931	0.06944	0.07003	0.07267	0.07329	0.12548	0.12677	0.14468	0.19630	0.19834	0.21884	
25.0 	180.0 	50.0	0.0463 	0.6200 	0.1330 	0.2006 	0.8206 	0.7167	0.03593	0.03623	0.03889	0.03922	0.06928	0.06988	0.07250	0.07313	0.12519	0.12647	0.14435	0.19587	0.19791	0.21838	
26.0 	180.0 	50.0	0.0460 	0.6186 	0.1351 	0.2003 	0.8189 	0.7183	0.03584	0.03615	0.03879	0.03912	0.06912	0.06972	0.07233	0.07296	0.12490	0.12618	0.14403	0.19544	0.19748	0.21793	
27.0 	180.0 	50.0	0.0458 	0.6172 	0.1371 	0.1999 	0.8171 	0.7198	0.03576	0.03606	0.03870	0.03902	0.06896	0.06956	0.07216	0.07279	0.12462	0.12590	0.14373	0.19502	0.19706	0.21750	
28.0 	180.0 	50.0	0.0455 	0.6158 	0.1392 	0.1995 	0.8153 	0.7212	0.03567	0.03598	0.03860	0.03893	0.06880	0.06940	0.07199	0.07262	0.12434	0.12562	0.14344	0.19460	0.19664	0.21707	
29.0 	180.0 	50.0	0.0453 	0.6143 	0.1413 	0.1991 	0.8134 	0.7224	0.03559	0.03589	0.03851	0.03884	0.06864	0.06923	0.07182	0.07245	0.12407	0.12535	0.14316	0.19418	0.19622	0.21666	
30.0 	180.0 	50.0	0.0451 	0.6128 	0.1434 	0.1987 	0.8115 	0.7235	0.03550	0.03580	0.03842	0.03874	0.06848	0.06907	0.07165	0.07228	0.12380	0.12509	0.14289	0.19377	0.19581	0.21625	
31.0 	180.0 	50.0	0.0449 	0.6113 	0.1455 	0.1982 	0.8095 	0.7245	0.03542	0.03572	0.03833	0.03865	0.06831	0.06890	0.07148	0.07210	0.12354	0.12483	0.14264	0.19336	0.19540	0.21586	
32.0 	180.0 	50.0	0.0448 	0.6097 	0.1477 	0.1978 	0.8075 	0.7254	0.03533	0.03563	0.03823	0.03856	0.06814	0.06872	0.07131	0.07193	0.12328	0.12457	0.14240	0.19294	0.19498	0.21548	
33.0 	180.0 	50.0	0.0446 	0.6081 	0.1500 	0.1973 	0.8054 	0.7261	0.03524	0.03554	0.03814	0.03847	0.06796	0.06855	0.07113	0.07175	0.12303	0.12432	0.14217	0.19253	0.19457	0.21510	
34.0 	180.0 	50.0	0.0445 	0.6064 	0.1523 	0.1968 	0.8032 	0.7267	0.03515	0.03545	0.03805	0.03838	0.06778	0.06837	0.07095	0.07157	0.12278	0.12407	0.14196	0.19212	0.19416	0.21473	
35.0 	180.0 	50.0	0.0445 	0.6047 	0.1546 	0.1963 	0.8009 	0.7273	0.03506	0.03536	0.03796	0.03829	0.06760	0.06819	0.07078	0.07139	0.12253	0.12383	0.14176	0.19171	0.19375	0.21437	
36.0 	180.0 	50.0	0.0444 	0.6029 	0.1570 	0.1957 	0.7986 	0.7277	0.03497	0.03526	0.03787	0.03820	0.06741	0.06800	0.07059	0.07121	0.12229	0.12359	0.14157	0.19130	0.19334	0.21402	
37.0 	180.0 	50.0	0.0444 	0.6011 	0.1594 	0.1952 	0.7962 	0.7280	0.03487	0.03517	0.03778	0.03811	0.06722	0.06781	0.07041	0.07102	0.12205	0.12335	0.14139	0.19088	0.19293	0.21368	
38.0 	180.0 	50.0	0.0444 	0.5992 	0.1619 	0.1946 	0.7937 	0.7282	0.03478	0.03507	0.03769	0.03802	0.06703	0.06761	0.07022	0.07083	0.12182	0.12312	0.14122	0.19046	0.19251	0.21334	
39.0 	180.0 	50.0	0.0444 	0.5972 	0.1645 	0.1939 	0.7911 	0.7284	0.03468	0.03497	0.03760	0.03793	0.06683	0.06741	0.07003	0.07064	0.12159	0.12289	0.14106	0.19004	0.19209	0.21301	
40.0 	180.0 	50.0	0.0445 	0.5952 	0.1671 	0.1933 	0.7884 	0.7284	0.03458	0.03487	0.03751	0.03784	0.06662	0.06720	0.06983	0.07044	0.12136	0.12266	0.14092	0.18962	0.19167	0.21268	
41.0 	180.0 	50.0	0.0445 	0.5931 	0.1698 	0.1926 	0.7856 	0.7283	0.03447	0.03477	0.03742	0.03774	0.06640	0.06698	0.06963	0.07024	0.12112	0.12243	0.14078	0.18918	0.19123	0.21235	
42.0 	180.0 	50.0	0.0446 	0.5909 	0.1726 	0.1919 	0.7827 	0.7281	0.03437	0.03466	0.03732	0.03765	0.06618	0.06676	0.06942	0.07003	0.12089	0.12220	0.14064	0.18873	0.19079	0.21202	
43.0 	180.0 	50.0	0.0447 	0.5886 	0.1756 	0.1911 	0.7797 	0.7278	0.03426	0.03455	0.03723	0.03755	0.06595	0.06653	0.06920	0.06981	0.12064	0.12196	0.14051	0.18827	0.19033	0.21168	
44.0 	180.0 	50.0	0.0448 	0.5862 	0.1786 	0.1904 	0.7766 	0.7275	0.03414	0.03444	0.03712	0.03745	0.06571	0.06629	0.06898	0.06959	0.12039	0.12171	0.14037	0.18780	0.18985	0.21133	
45.0 	180.0 	50.0	0.0449 	0.5838 	0.1817 	0.1896 	0.7733 	0.7270	0.03403	0.03432	0.03702	0.03734	0.06547	0.06604	0.06874	0.06935	0.12013	0.12146	0.14023	0.18730	0.18936	0.21097	
46.0 	180.0 	50.0	0.0451 	0.5812 	0.1850 	0.1887 	0.7700 	0.7264	0.03390	0.03419	0.03691	0.03723	0.06521	0.06578	0.06850	0.06911	0.11987	0.12120	0.14009	0.18679	0.18886	0.21060	
47.0 	180.0 	50.0	0.0452 	0.5785 	0.1884 	0.1879 	0.7664 	0.7257	0.03377	0.03407	0.03680	0.03712	0.06494	0.06551	0.06825	0.06886	0.11960	0.12093	0.13995	0.18627	0.18833	0.21023	
48.0 	180.0 	50.0	0.0453 	0.5758 	0.1919 	0.1870 	0.7627 	0.7249	0.03364	0.03393	0.03668	0.03701	0.06466	0.06523	0.06799	0.06860	0.11932	0.12065	0.13980	0.18572	0.18779	0.20984	
49.0 	180.0 	50.0	0.0455 	0.5729 	0.1956 	0.1860 	0.7589 	0.7240	0.03350	0.03379	0.03656	0.03689	0.06437	0.06493	0.06772	0.06832	0.11902	0.12036	0.13966	0.18515	0.18722	0.20944	
50.0 	180.0 	50.0	0.0457 	0.5698 	0.1994 	0.1850 	0.7549 	0.7230	0.03336	0.03365	0.03644	0.03676	0.06407	0.06463	0.06744	0.06804	0.11872	0.12007	0.13952	0.18456	0.18664	0.20903	
51.0 	180.0 	50.0	0.0459 	0.5667 	0.2034 	0.1840 	0.7507 	0.7219	0.03321	0.03350	0.03631	0.03663	0.06375	0.06431	0.06715	0.06775	0.11841	0.11976	0.13937	0.18395	0.18603	0.20860	
52.0 	180.0 	50.0	0.0461 	0.5633 	0.2076 	0.1829 	0.7463 	0.7207	0.03305	0.03334	0.03617	0.03650	0.06342	0.06398	0.06684	0.06744	0.11809	0.11944	0.13923	0.18331	0.18539	0.20816	
53.0 	180.0 	50.0	0.0464 	0.5599 	0.2120 	0.1818 	0.7417 	0.7194	0.03289	0.03318	0.03603	0.03636	0.06307	0.06363	0.06652	0.06712	0.11776	0.11912	0.13908	0.18265	0.18473	0.20771	
54.0 	180.0 	50.0	0.0466 	0.5562 	0.2165 	0.1806 	0.7369 	0.7179	0.03272	0.03301	0.03589	0.03621	0.06271	0.06326	0.06618	0.06678	0.11741	0.11877	0.13893	0.18196	0.18404	0.20724	
55.0 	180.0 	50.0	0.0469 	0.5524 	0.2213 	0.1794 	0.7318 	0.7164	0.03254	0.03283	0.03573	0.03606	0.06233	0.06288	0.06583	0.06643	0.11705	0.11842	0.13877	0.18123	0.18333	0.20675	
56.0 	180.0 	50.0	0.0472 	0.5484 	0.2263 	0.1781 	0.7265 	0.7147	0.03235	0.03264	0.03558	0.03590	0.06193	0.06248	0.06547	0.06606	0.11668	0.11805	0.13862	0.18048	0.18257	0.20624	
57.0 	180.0 	50.0	0.0475 	0.5442 	0.2316 	0.1767 	0.7209 	0.7129	0.03216	0.03244	0.03541	0.03573	0.06152	0.06206	0.06508	0.06567	0.11629	0.11767	0.13846	0.17969	0.18179	0.20571	
58.0 	180.0 	50.0	0.0479 	0.5398 	0.2371 	0.1753 	0.7151 	0.7109	0.03195	0.03223	0.03523	0.03556	0.06108	0.06162	0.06468	0.06527	0.11588	0.11726	0.13830	0.17886	0.18096	0.20516	
59.0 	180.0 	50.0	0.0482 	0.5351 	0.2429 	0.1738 	0.7089 	0.7088	0.03174	0.03202	0.03505	0.03537	0.06062	0.06116	0.06425	0.06484	0.11545	0.11684	0.13814	0.17799	0.18010	0.20459	
60.0 	180.0 	50.0	0.0486 	0.5302 	0.2490 	0.1722 	0.7024 	0.7066	0.03151	0.03179	0.03486	0.03518	0.06013	0.06067	0.06381	0.06439	0.11501	0.11641	0.13797	0.17708	0.17919	0.20399	
61.0 	180.0 	50.0	0.0491 	0.5250 	0.2554 	0.1705 	0.6955 	0.7042	0.03127	0.03155	0.03466	0.03498	0.05962	0.06015	0.06334	0.06392	0.11454	0.11595	0.13780	0.17612	0.17824	0.20336	
62.0 	180.0 	50.0	0.0495 	0.5195 	0.2622 	0.1687 	0.6882 	0.7016	0.03102	0.03129	0.03445	0.03477	0.05908	0.05961	0.06284	0.06342	0.11405	0.11546	0.13762	0.17511	0.17724	0.20270	
63.0 	180.0 	50.0	0.0500 	0.5137 	0.2694 	0.1668 	0.6806 	0.6989	0.03075	0.03102	0.03422	0.03454	0.05850	0.05903	0.06232	0.06290	0.11353	0.11495	0.13744	0.17404	0.17618	0.20201	
64.0 	180.0 	50.0	0.0505 	0.5076 	0.2771 	0.1648 	0.6724 	0.6960	0.03046	0.03074	0.03399	0.03431	0.05790	0.05842	0.06176	0.06234	0.11299	0.11442	0.13725	0.17292	0.17505	0.20129	
65.0 	180.0 	50.0	0.0511 	0.5010 	0.2851 	0.1627 	0.6637 	0.6929	0.03016	0.03044	0.03374	0.03406	0.05725	0.05777	0.06117	0.06175	0.11242	0.11385	0.13706	0.17172	0.17387	0.20052	
66.0 	180.0 	50.0	0.0518 	0.4941 	0.2937 	0.1604 	0.6545 	0.6896	0.02984	0.03011	0.03347	0.03379	0.05657	0.05708	0.06055	0.06112	0.11181	0.11326	0.13686	0.17045	0.17261	0.19971	
67.0 	180.0 	50.0	0.0524 	0.4866 	0.3029 	0.1580 	0.6447 	0.6861	0.02950	0.02977	0.03319	0.03351	0.05584	0.05634	0.05988	0.06045	0.11116	0.11262	0.13666	0.16911	0.17127	0.19886	
68.0 	180.0 	50.0	0.0532 	0.4787 	0.3127 	0.1555 	0.6342 	0.6825	0.02914	0.02941	0.03289	0.03321	0.05505	0.05556	0.05917	0.05973	0.11048	0.11195	0.13644	0.16767	0.16984	0.19795	
70.0 	180.0 	50.0	0.0548 	0.4611 	0.3344 	0.1497 	0.6108 	0.6745	0.02833	0.02860	0.03222	0.03254	0.05332	0.05381	0.05759	0.05815	0.10897	0.11047	0.13599	0.16449	0.16668	0.19595	
