 0.0 	 0.0 	25.0	0.0864 	0.7529 	0.0427 	0.1181 	0.8710 	0.2789	0.04415	0.04457	0.04899	0.04944	0.08382	0.08464	0.08887	0.08973	0.15897	0.16060	0.18543	0.24259	0.24518	0.27175	
 5.0 	 0.0 	25.0	0.0948 	0.7516 	0.0422 	0.1113 	0.8629 	0.2971	0.04451	0.04493	0.04979	0.05025	0.08409	0.08490	0.08959	0.09044	0.16205	0.16372	0.19071	0.24542	0.24804	0.27676	
10.0 	 0.0 	25.0	0.1031 	0.7546 	0.0390 	0.1034 	0.8580 	0.3071	0.04507	0.04549	0.05079	0.05126	0.08479	0.08560	0.09072	0.09158	0.16578	0.16752	0.19661	0.24941	0.25209	0.28292	
20.0 	 0.0 	25.0	0.1251 	0.7768 	0.0254 	0.0727 	0.8495 	0.3206	0.04730	0.04776	0.05419	0.05472	0.08811	0.08895	0.09521	0.09614	0.17846	0.18053	0.21534	0.26432	0.26735	0.30394	
21.0 	 0.0 	25.0	0.1284 	0.7821 	0.0230 	0.0665 	0.8486 	0.3218	0.04774	0.04820	0.05480	0.05536	0.08881	0.08966	0.09609	0.09703	0.18075	0.18289	0.21858	0.26715	0.27025	0.30773	
22.0 	 0.0 	25.0	0.1323 	0.7889 	0.0200 	0.0588 	0.8477 	0.3230	0.04828	0.04875	0.05555	0.05612	0.08969	0.09055	0.09717	0.09814	0.18353	0.18577	0.22249	0.27063	0.27383	0.31235	
23.0 	 0.0 	25.0	0.1370 	0.7982 	0.0162 	0.0486 	0.8468 	0.3241	0.04899	0.04947	0.05651	0.05711	0.09086	0.09173	0.09860	0.09959	0.18711	0.18947	0.22745	0.27515	0.27849	0.31828	
24.0 	 0.0 	25.0	0.1432 	0.8122 	0.0109 	0.0337 	0.8459 	0.3253	0.05001	0.05052	0.05787	0.05852	0.09259	0.09348	0.10066	0.10170	0.19219	0.19475	0.23443	0.28167	0.28520	0.32672	
25.0 	 0.0 	25.0	0.1551 	0.8449 	0.0000 	0.0000 	0.8449 	0.3265	0.05228	0.05284	0.06077	0.06153	0.09649	0.09743	0.10519	0.10635	0.20307	0.20611	0.24909	0.29589	0.29991	0.34476	
26.0 	 0.0 	25.0	0.1434 	0.8118 	0.0126 	0.0322 	0.8440 	0.3277	0.05000	0.05051	0.05787	0.05852	0.09255	0.09344	0.10064	0.10168	0.19224	0.19481	0.23459	0.28168	0.28522	0.32684	
27.0 	 0.0 	25.0	0.1376 	0.7970 	0.0194 	0.0460 	0.8430 	0.3289	0.04896	0.04944	0.05651	0.05712	0.09077	0.09163	0.09854	0.09954	0.18723	0.18961	0.22783	0.27517	0.27850	0.31857	
28.0 	 0.0 	25.0	0.1334 	0.7868 	0.0246 	0.0552 	0.8420 	0.3301	0.04823	0.04870	0.05556	0.05614	0.08952	0.09037	0.09708	0.09804	0.18375	0.18599	0.22313	0.27064	0.27384	0.31281	
29.0 	 0.0 	25.0	0.1301 	0.7789 	0.0289 	0.0621 	0.8410 	0.3313	0.04766	0.04812	0.05483	0.05538	0.08856	0.08940	0.09594	0.09689	0.18106	0.18321	0.21951	0.26715	0.27025	0.30839	
30.0 	 0.0 	25.0	0.1274 	0.7725 	0.0327 	0.0675 	0.8399 	0.3325	0.04720	0.04765	0.05422	0.05476	0.08778	0.08860	0.09502	0.09594	0.17888	0.18096	0.21658	0.26432	0.26734	0.30480	
31.0 	 0.0 	25.0	0.1252 	0.7670 	0.0360 	0.0719 	0.8388 	0.3337	0.04681	0.04725	0.05371	0.05424	0.08711	0.08793	0.09423	0.09514	0.17704	0.17907	0.21412	0.26193	0.26489	0.30179	
32.0 	 0.0 	25.0	0.1232 	0.7622 	0.0390 	0.0756 	0.8377 	0.3349	0.04647	0.04690	0.05327	0.05378	0.08652	0.08734	0.09355	0.09445	0.17547	0.17744	0.21201	0.25986	0.26278	0.29920	
33.0 	 0.0 	25.0	0.1215 	0.7579 	0.0419 	0.0787 	0.8366 	0.3362	0.04616	0.04660	0.05288	0.05338	0.08601	0.08681	0.09294	0.09383	0.17408	0.17602	0.21018	0.25804	0.26092	0.29693	
34.0 	 0.0 	25.0	0.1200 	0.7540 	0.0446 	0.0814 	0.8354 	0.3375	0.04589	0.04632	0.05253	0.05303	0.08554	0.08634	0.09240	0.09328	0.17285	0.17475	0.20855	0.25642	0.25925	0.29492	
35.0 	 0.0 	25.0	0.1187 	0.7504 	0.0471 	0.0838 	0.8342 	0.3388	0.04564	0.04607	0.05222	0.05270	0.08511	0.08590	0.09190	0.09277	0.17174	0.17361	0.20710	0.25495	0.25775	0.29310	
36.0 	 0.0 	25.0	0.1175 	0.7471 	0.0495 	0.0859 	0.8330 	0.3401	0.04541	0.04583	0.05193	0.05241	0.08471	0.08550	0.09144	0.09231	0.17073	0.17258	0.20579	0.25361	0.25638	0.29146	
37.0 	 0.0 	25.0	0.1164 	0.7439 	0.0519 	0.0878 	0.8317 	0.3415	0.04520	0.04562	0.05166	0.05214	0.08434	0.08513	0.09102	0.09187	0.16980	0.17163	0.20460	0.25237	0.25511	0.28996	
38.0 	 0.0 	25.0	0.1154 	0.7409 	0.0541 	0.0895 	0.8304 	0.3429	0.04500	0.04541	0.05141	0.05188	0.08399	0.08477	0.09062	0.09147	0.16895	0.17076	0.20351	0.25122	0.25394	0.28858	
39.0 	 0.0 	25.0	0.1146 	0.7381 	0.0564 	0.0910 	0.8291 	0.3443	0.04481	0.04522	0.05118	0.05165	0.08365	0.08443	0.09024	0.09109	0.16816	0.16995	0.20251	0.25014	0.25284	0.28730	
40.0 	 0.0 	25.0	0.1138 	0.7353 	0.0586 	0.0923 	0.8277 	0.3457	0.04463	0.04504	0.05096	0.05142	0.08333	0.08411	0.08989	0.09072	0.16743	0.16919	0.20159	0.24913	0.25181	0.28611	
41.0 	 0.0 	25.0	0.1131 	0.7326 	0.0607 	0.0936 	0.8262 	0.3472	0.04446	0.04487	0.05076	0.05121	0.08302	0.08380	0.08955	0.09038	0.16673	0.16849	0.20074	0.24817	0.25084	0.28500	
42.0 	 0.0 	25.0	0.1124 	0.7300 	0.0628 	0.0947 	0.8247 	0.3487	0.04430	0.04470	0.05056	0.05101	0.08273	0.08350	0.08922	0.09005	0.16609	0.16782	0.19995	0.24726	0.24991	0.28396	
43.0 	 0.0 	25.0	0.1119 	0.7275 	0.0649 	0.0957 	0.8232 	0.3502	0.04414	0.04454	0.05038	0.05083	0.08244	0.08321	0.08890	0.08973	0.16547	0.16720	0.19922	0.24640	0.24903	0.28298	
44.0 	 0.0 	25.0	0.1114 	0.7249 	0.0671 	0.0967 	0.8216 	0.3518	0.04399	0.04438	0.05020	0.05065	0.08216	0.08292	0.08860	0.08942	0.16490	0.16661	0.19854	0.24557	0.24819	0.28206	
45.0 	 0.0 	25.0	0.1109 	0.7224 	0.0692 	0.0975 	0.8199 	0.3534	0.04384	0.04423	0.05003	0.05047	0.08188	0.08264	0.08830	0.08912	0.16435	0.16605	0.19790	0.24477	0.24738	0.28119	
46.0 	 0.0 	25.0	0.1105 	0.7199 	0.0713 	0.0983 	0.8182 	0.3551	0.04369	0.04409	0.04987	0.05031	0.08161	0.08236	0.08801	0.08882	0.16383	0.16552	0.19731	0.24401	0.24660	0.28037	
47.0 	 0.0 	25.0	0.1102 	0.7174 	0.0734 	0.0990 	0.8165 	0.3568	0.04355	0.04394	0.04971	0.05015	0.08134	0.08209	0.08773	0.08854	0.16333	0.16501	0.19677	0.24327	0.24585	0.27958	
48.0 	 0.0 	25.0	0.1099 	0.7149 	0.0755 	0.0997 	0.8146 	0.3585	0.04341	0.04380	0.04956	0.04999	0.08107	0.08182	0.08745	0.08826	0.16286	0.16453	0.19626	0.24255	0.24512	0.27884	
49.0 	 0.0 	25.0	0.1097 	0.7124 	0.0776 	0.1003 	0.8127 	0.3602	0.04327	0.04366	0.04941	0.04985	0.08080	0.08155	0.08718	0.08798	0.16241	0.16407	0.19579	0.24186	0.24441	0.27814	
50.0 	 0.0 	25.0	0.1095 	0.7099 	0.0798 	0.1008 	0.8107 	0.3621	0.04313	0.04352	0.04927	0.04970	0.08054	0.08128	0.08691	0.08771	0.16198	0.16363	0.19535	0.24118	0.24372	0.27747	
51.0 	 0.0 	25.0	0.1094 	0.7073 	0.0820 	0.1013 	0.8086 	0.3639	0.04300	0.04339	0.04913	0.04956	0.08027	0.08101	0.08664	0.08744	0.16157	0.16321	0.19496	0.24052	0.24305	0.27683	
52.0 	 0.0 	25.0	0.1093 	0.7047 	0.0842 	0.1017 	0.8065 	0.3658	0.04287	0.04325	0.04900	0.04943	0.08000	0.08074	0.08638	0.08717	0.16117	0.16281	0.19459	0.23987	0.24240	0.27623	
53.0 	 0.0 	25.0	0.1093 	0.7021 	0.0865 	0.1021 	0.8042 	0.3678	0.04273	0.04311	0.04887	0.04929	0.07973	0.08047	0.08612	0.08690	0.16080	0.16243	0.19426	0.23924	0.24176	0.27565	
54.0 	 0.0 	25.0	0.1093 	0.6994 	0.0888 	0.1025 	0.8019 	0.3698	0.04260	0.04298	0.04874	0.04917	0.07946	0.08020	0.08585	0.08663	0.16044	0.16206	0.19396	0.23862	0.24113	0.27511	
55.0 	 0.0 	25.0	0.1094 	0.6966 	0.0911 	0.1028 	0.7994 	0.3718	0.04247	0.04284	0.04862	0.04904	0.07919	0.07992	0.08559	0.08637	0.16009	0.16171	0.19369	0.23801	0.24051	0.27459	
56.0 	 0.0 	25.0	0.1096 	0.6938 	0.0935 	0.1030 	0.7968 	0.3739	0.04233	0.04271	0.04850	0.04892	0.07891	0.07964	0.08533	0.08610	0.15976	0.16138	0.19346	0.23741	0.23990	0.27411	
57.0 	 0.0 	25.0	0.1098 	0.6909 	0.0960 	0.1032 	0.7941 	0.3761	0.04220	0.04257	0.04838	0.04880	0.07863	0.07935	0.08506	0.08583	0.15945	0.16106	0.19326	0.23682	0.23930	0.27365	
58.0 	 0.0 	25.0	0.1101 	0.6879 	0.0986 	0.1034 	0.7913 	0.3783	0.04206	0.04243	0.04827	0.04868	0.07834	0.07906	0.08479	0.08556	0.15915	0.16076	0.19310	0.23623	0.23871	0.27321	
59.0 	 0.0 	25.0	0.1105 	0.6848 	0.1012 	0.1035 	0.7883 	0.3806	0.04192	0.04229	0.04815	0.04857	0.07804	0.07876	0.08452	0.08529	0.15887	0.16047	0.19298	0.23565	0.23812	0.27281	
60.0 	 0.0 	25.0	0.1109 	0.6816 	0.1039 	0.1036 	0.7852 	0.3830	0.04178	0.04215	0.04804	0.04845	0.07773	0.07845	0.08425	0.08501	0.15860	0.16020	0.19289	0.23508	0.23754	0.27243	
61.0 	 0.0 	25.0	0.1114 	0.6783 	0.1067 	0.1036 	0.7819 	0.3854	0.04164	0.04201	0.04793	0.04834	0.07742	0.07813	0.08397	0.08473	0.15835	0.15994	0.19284	0.23450	0.23696	0.27209	
62.0 	 0.0 	25.0	0.1120 	0.6748 	0.1096 	0.1036 	0.7784 	0.3879	0.04150	0.04186	0.04783	0.04823	0.07710	0.07780	0.08369	0.08444	0.15811	0.15970	0.19283	0.23393	0.23639	0.27177	
63.0 	 0.0 	25.0	0.1127 	0.6711 	0.1126 	0.1035 	0.7746 	0.3905	0.04135	0.04171	0.04772	0.04813	0.07676	0.07747	0.08340	0.08415	0.15789	0.15947	0.19286	0.23337	0.23581	0.27148	
64.0 	 0.0 	25.0	0.1135 	0.6673 	0.1158 	0.1033 	0.7707 	0.3932	0.04120	0.04156	0.04762	0.04802	0.07641	0.07711	0.08310	0.08385	0.15768	0.15927	0.19295	0.23280	0.23524	0.27123	
65.0 	 0.0 	25.0	0.1144 	0.6633 	0.1191 	0.1031 	0.7664 	0.3960	0.04104	0.04140	0.04752	0.04792	0.07605	0.07674	0.08280	0.08354	0.15750	0.15908	0.19308	0.23223	0.23466	0.27101	
66.0 	 0.0 	25.0	0.1157 	0.6585 	0.1230 	0.1028 	0.7613 	0.3986	0.04086	0.04122	0.04742	0.04782	0.07563	0.07632	0.08246	0.08319	0.15736	0.15894	0.19338	0.23165	0.23408	0.27090	
67.0 	 0.0 	25.0	0.1173 	0.6531 	0.1275 	0.1022 	0.7552 	0.4011	0.04067	0.04103	0.04732	0.04772	0.07515	0.07584	0.08208	0.08282	0.15728	0.15886	0.19385	0.23105	0.23348	0.27089	
68.0 	 0.0 	25.0	0.1193 	0.6469 	0.1324 	0.1014 	0.7483 	0.4036	0.04046	0.04082	0.04723	0.04763	0.07463	0.07531	0.08168	0.08241	0.15724	0.15882	0.19446	0.23044	0.23287	0.27098	
70.0 	 0.0 	25.0	0.1243 	0.6323 	0.1440 	0.0993 	0.7316 	0.4085	0.03999	0.04033	0.04705	0.04744	0.07340	0.07407	0.08075	0.08147	0.15730	0.15889	0.19617	0.22915	0.23158	0.27144	
 0.0 	180.0 	25.0	0.0864 	0.7529 	0.0427 	0.1181 	0.8710 	0.2789	0.04415	0.04457	0.04899	0.04944	0.08382	0.08464	0.08887	0.08973	0.15897	0.16060	0.18543	0.24259	0.24518	0.27175	
 5.0 	180.0 	25.0	0.0837 	0.7436 	0.0533 	0.1193 	0.8629 	0.2971	0.04354	0.04395	0.04825	0.04869	0.08272	0.08352	0.08764	0.08848	0.15643	0.15802	0.18231	0.23898	0.24151	0.26752	
10.0 	180.0 	25.0	0.0806 	0.7369 	0.0614 	0.1210 	0.8580 	0.3071	0.04304	0.04345	0.04759	0.04802	0.08188	0.08267	0.08664	0.08746	0.15417	0.15573	0.17934	0.23599	0.23849	0.26382	
20.0 	180.0 	25.0	0.0748 	0.7257 	0.0757 	0.1238 	0.8495 	0.3206	0.04218	0.04257	0.04645	0.04687	0.08043	0.08121	0.08491	0.08572	0.15029	0.15182	0.17422	0.23094	0.23339	0.25754	
21.0 	180.0 	25.0	0.0743 	0.7246 	0.0771 	0.1240 	0.8486 	0.3218	0.04210	0.04249	0.04634	0.04676	0.08029	0.08107	0.08475	0.08556	0.14994	0.15147	0.17376	0.23048	0.23292	0.25697	
22.0 	180.0 	25.0	0.0739 	0.7235 	0.0785 	0.1242 	0.8477 	0.3230	0.04202	0.04241	0.04624	0.04666	0.08016	0.08093	0.08459	0.08540	0.14960	0.15112	0.17332	0.23003	0.23246	0.25642	
23.0 	180.0 	25.0	0.0734 	0.7224 	0.0798 	0.1244 	0.8468 	0.3241	0.04194	0.04233	0.04614	0.04655	0.08002	0.08079	0.08443	0.08523	0.14926	0.15078	0.17289	0.22958	0.23201	0.25588	
24.0 	180.0 	25.0	0.0729 	0.7213 	0.0812 	0.1246 	0.8459 	0.3253	0.04186	0.04225	0.04603	0.04645	0.07989	0.08066	0.08428	0.08508	0.14893	0.15044	0.17246	0.22913	0.23156	0.25535	
25.0 	180.0 	25.0	0.0725 	0.7202 	0.0826 	0.1248 	0.8449 	0.3265	0.04178	0.04217	0.04593	0.04635	0.07975	0.08052	0.08412	0.08492	0.14860	0.15011	0.17205	0.22870	0.23112	0.25483	
26.0 	180.0 	25.0	0.0720 	0.7190 	0.0840 	0.1249 	0.8440 	0.3277	0.04170	0.04209	0.04584	0.04625	0.07961	0.08038	0.08396	0.08476	0.14828	0.14979	0.17164	0.22826	0.23069	0.25432	
27.0 	180.0 	25.0	0.0716 	0.7179 	0.0854 	0.1251 	0.8430 	0.3289	0.04163	0.04201	0.04574	0.04615	0.07948	0.08025	0.08381	0.08460	0.14796	0.14947	0.17125	0.22783	0.23025	0.25381	
28.0 	180.0 	25.0	0.0712 	0.7168 	0.0868 	0.1252 	0.8420 	0.3301	0.04155	0.04194	0.04564	0.04605	0.07934	0.08011	0.08365	0.08445	0.14765	0.14915	0.17086	0.22741	0.22983	0.25332	
29.0 	180.0 	25.0	0.0708 	0.7156 	0.0882 	0.1253 	0.8410 	0.3313	0.04147	0.04186	0.04554	0.04596	0.07920	0.07997	0.08350	0.08429	0.14734	0.14885	0.17048	0.22699	0.22940	0.25283	
30.0 	180.0 	25.0	0.0704 	0.7145 	0.0897 	0.1254 	0.8399 	0.3325	0.04139	0.04178	0.04545	0.04586	0.07907	0.07983	0.08334	0.08414	0.14704	0.14854	0.17011	0.22657	0.22898	0.25235	
31.0 	180.0 	25.0	0.0700 	0.7133 	0.0911 	0.1255 	0.8388 	0.3337	0.04131	0.04170	0.04535	0.04576	0.07893	0.07969	0.08319	0.08398	0.14674	0.14824	0.16975	0.22616	0.22856	0.25188	
32.0 	180.0 	25.0	0.0697 	0.7121 	0.0926 	0.1256 	0.8377 	0.3349	0.04124	0.04162	0.04526	0.04567	0.07879	0.07955	0.08303	0.08382	0.14644	0.14794	0.16940	0.22574	0.22815	0.25142	
33.0 	180.0 	25.0	0.0694 	0.7109 	0.0940 	0.1257 	0.8366 	0.3362	0.04116	0.04154	0.04517	0.04558	0.07865	0.07941	0.08288	0.08367	0.14615	0.14765	0.16906	0.22533	0.22774	0.25097	
34.0 	180.0 	25.0	0.0690 	0.7097 	0.0955 	0.1258 	0.8354 	0.3375	0.04108	0.04147	0.04508	0.04548	0.07851	0.07927	0.08273	0.08351	0.14587	0.14736	0.16872	0.22493	0.22733	0.25052	
35.0 	180.0 	25.0	0.0687 	0.7084 	0.0970 	0.1258 	0.8342 	0.3388	0.04100	0.04139	0.04498	0.04539	0.07837	0.07912	0.08257	0.08336	0.14558	0.14708	0.16840	0.22452	0.22692	0.25008	
36.0 	180.0 	25.0	0.0685 	0.7072 	0.0985 	0.1258 	0.8330 	0.3401	0.04092	0.04131	0.04489	0.04530	0.07822	0.07898	0.08242	0.08320	0.14531	0.14680	0.16808	0.22412	0.22652	0.24965	
37.0 	180.0 	25.0	0.0682 	0.7059 	0.1001 	0.1259 	0.8317 	0.3415	0.04085	0.04123	0.04480	0.04521	0.07808	0.07883	0.08226	0.08304	0.14503	0.14652	0.16778	0.22372	0.22611	0.24922	
38.0 	180.0 	25.0	0.0679 	0.7045 	0.1017 	0.1259 	0.8304 	0.3429	0.04077	0.04115	0.04471	0.04512	0.07793	0.07868	0.08210	0.08288	0.14476	0.14625	0.16748	0.22332	0.22571	0.24880	
39.0 	180.0 	25.0	0.0677 	0.7032 	0.1032 	0.1259 	0.8291 	0.3443	0.04069	0.04107	0.04462	0.04503	0.07778	0.07853	0.08194	0.08272	0.14449	0.14598	0.16719	0.22292	0.22531	0.24839	
40.0 	180.0 	25.0	0.0675 	0.7018 	0.1049 	0.1258 	0.8277 	0.3457	0.04061	0.04099	0.04454	0.04494	0.07763	0.07838	0.08179	0.08256	0.14423	0.14572	0.16691	0.22252	0.22491	0.24799	
41.0 	180.0 	25.0	0.0673 	0.7004 	0.1065 	0.1258 	0.8262 	0.3472	0.04053	0.04090	0.04445	0.04485	0.07748	0.07822	0.08163	0.08240	0.14397	0.14546	0.16664	0.22213	0.22451	0.24759	
42.0 	180.0 	25.0	0.0671 	0.6990 	0.1082 	0.1258 	0.8247 	0.3487	0.04044	0.04082	0.04436	0.04476	0.07732	0.07807	0.08146	0.08224	0.14371	0.14520	0.16638	0.22173	0.22411	0.24720	
43.0 	180.0 	25.0	0.0669 	0.6975 	0.1099 	0.1257 	0.8232 	0.3502	0.04036	0.04074	0.04427	0.04467	0.07716	0.07791	0.08130	0.08208	0.14345	0.14494	0.16612	0.22133	0.22371	0.24681	
44.0 	180.0 	25.0	0.0668 	0.6960 	0.1116 	0.1256 	0.8216 	0.3518	0.04028	0.04065	0.04418	0.04459	0.07700	0.07774	0.08114	0.08191	0.14320	0.14469	0.16588	0.22094	0.22331	0.24643	
45.0 	180.0 	25.0	0.0667 	0.6944 	0.1134 	0.1255 	0.8199 	0.3534	0.04019	0.04057	0.04410	0.04450	0.07684	0.07758	0.08097	0.08174	0.14295	0.14444	0.16565	0.22054	0.22291	0.24606	
46.0 	180.0 	25.0	0.0666 	0.6928 	0.1152 	0.1254 	0.8182 	0.3551	0.04011	0.04048	0.04401	0.04441	0.07667	0.07741	0.08080	0.08157	0.14271	0.14419	0.16542	0.22014	0.22251	0.24569	
47.0 	180.0 	25.0	0.0665 	0.6912 	0.1171 	0.1253 	0.8165 	0.3568	0.04002	0.04039	0.04392	0.04432	0.07650	0.07723	0.08063	0.08140	0.14246	0.14395	0.16521	0.21974	0.22211	0.24533	
48.0 	180.0 	25.0	0.0664 	0.6895 	0.1190 	0.1251 	0.8146 	0.3585	0.03993	0.04031	0.04383	0.04423	0.07632	0.07705	0.08046	0.08122	0.14222	0.14371	0.16500	0.21933	0.22170	0.24497	
49.0 	180.0 	25.0	0.0664 	0.6877 	0.1209 	0.1250 	0.8127 	0.3602	0.03984	0.04021	0.04375	0.04415	0.07614	0.07687	0.08028	0.08104	0.14198	0.14347	0.16480	0.21893	0.22129	0.24462	
50.0 	180.0 	25.0	0.0664 	0.6859 	0.1229 	0.1248 	0.8107 	0.3621	0.03975	0.04012	0.04366	0.04406	0.07595	0.07669	0.08010	0.08086	0.14175	0.14323	0.16462	0.21852	0.22088	0.24427	
51.0 	180.0 	25.0	0.0664 	0.6841 	0.1250 	0.1246 	0.8086 	0.3639	0.03966	0.04003	0.04357	0.04397	0.07577	0.07649	0.07992	0.08068	0.14151	0.14300	0.16444	0.21810	0.22047	0.24393	
52.0 	180.0 	25.0	0.0664 	0.6821 	0.1271 	0.1243 	0.8065 	0.3658	0.03956	0.03993	0.04348	0.04388	0.07557	0.07630	0.07973	0.08049	0.14128	0.14277	0.16428	0.21769	0.22005	0.24360	
53.0 	180.0 	25.0	0.0665 	0.6801 	0.1293 	0.1241 	0.8042 	0.3678	0.03946	0.03983	0.04339	0.04379	0.07537	0.07609	0.07954	0.08029	0.14105	0.14254	0.16412	0.21727	0.21963	0.24327	
54.0 	180.0 	25.0	0.0666 	0.6781 	0.1315 	0.1238 	0.8019 	0.3698	0.03937	0.03973	0.04330	0.04370	0.07516	0.07588	0.07934	0.08010	0.14082	0.14231	0.16398	0.21684	0.21920	0.24294	
55.0 	180.0 	25.0	0.0667 	0.6759 	0.1339 	0.1235 	0.7994 	0.3718	0.03926	0.03963	0.04321	0.04361	0.07495	0.07567	0.07914	0.07989	0.14059	0.14208	0.16385	0.21640	0.21876	0.24262	
56.0 	180.0 	25.0	0.0668 	0.6736 	0.1363 	0.1232 	0.7968 	0.3739	0.03916	0.03952	0.04312	0.04351	0.07473	0.07544	0.07893	0.07968	0.14036	0.14185	0.16373	0.21596	0.21832	0.24230	
57.0 	180.0 	25.0	0.0670 	0.6713 	0.1388 	0.1229 	0.7941 	0.3761	0.03905	0.03941	0.04303	0.04342	0.07450	0.07521	0.07872	0.07947	0.14014	0.14163	0.16362	0.21551	0.21787	0.24199	
58.0 	180.0 	25.0	0.0673 	0.6688 	0.1414 	0.1225 	0.7913 	0.3783	0.03894	0.03930	0.04293	0.04332	0.07426	0.07497	0.07850	0.07925	0.13991	0.14140	0.16352	0.21506	0.21741	0.24168	
59.0 	180.0 	25.0	0.0675 	0.6662 	0.1441 	0.1221 	0.7883 	0.3806	0.03882	0.03918	0.04283	0.04323	0.07401	0.07472	0.07827	0.07902	0.13969	0.14118	0.16344	0.21459	0.21694	0.24138	
60.0 	180.0 	25.0	0.0678 	0.6635 	0.1470 	0.1216 	0.7852 	0.3830	0.03870	0.03906	0.04274	0.04313	0.07375	0.07445	0.07804	0.07878	0.13946	0.14095	0.16338	0.21411	0.21646	0.24108	
61.0 	180.0 	25.0	0.0682 	0.6607 	0.1500 	0.1212 	0.7819 	0.3854	0.03857	0.03893	0.04264	0.04303	0.07347	0.07418	0.07779	0.07853	0.13924	0.14073	0.16333	0.21361	0.21596	0.24078	
62.0 	180.0 	25.0	0.0686 	0.6577 	0.1531 	0.1207 	0.7784 	0.3879	0.03844	0.03880	0.04253	0.04292	0.07319	0.07389	0.07754	0.07827	0.13901	0.14050	0.16329	0.21310	0.21545	0.24048	
63.0 	180.0 	25.0	0.0690 	0.6545 	0.1564 	0.1201 	0.7746 	0.3905	0.03831	0.03866	0.04243	0.04281	0.07289	0.07358	0.07727	0.07800	0.13878	0.14028	0.16327	0.21258	0.21493	0.24019	
64.0 	180.0 	25.0	0.0695 	0.6512 	0.1598 	0.1195 	0.7707 	0.3932	0.03816	0.03852	0.04232	0.04270	0.07257	0.07326	0.07699	0.07772	0.13855	0.14005	0.16327	0.21203	0.21438	0.23990	
65.0 	180.0 	25.0	0.0701 	0.6476 	0.1635 	0.1188 	0.7664 	0.3960	0.03801	0.03837	0.04220	0.04259	0.07223	0.07292	0.07670	0.07742	0.13832	0.13982	0.16329	0.21146	0.21381	0.23962	
66.0 	180.0 	25.0	0.0709 	0.6432 	0.1678 	0.1181 	0.7613 	0.3986	0.03783	0.03819	0.04208	0.04246	0.07183	0.07252	0.07635	0.07707	0.13809	0.13959	0.16339	0.21082	0.21317	0.23935	
67.0 	180.0 	25.0	0.0719 	0.6381 	0.1729 	0.1171 	0.7552 	0.4011	0.03763	0.03798	0.04194	0.04232	0.07136	0.07204	0.07595	0.07667	0.13784	0.13935	0.16356	0.21011	0.21246	0.23908	
68.0 	180.0 	25.0	0.0731 	0.6323 	0.1786 	0.1160 	0.7483 	0.4036	0.03740	0.03775	0.04179	0.04217	0.07083	0.07151	0.07550	0.07622	0.13759	0.13910	0.16380	0.20931	0.21166	0.23882	
70.0 	180.0 	25.0	0.0763 	0.6182 	0.1921 	0.1135 	0.7316 	0.4085	0.03685	0.03719	0.04144	0.04182	0.06956	0.07022	0.07444	0.07515	0.13704	0.13857	0.16446	0.20746	0.20982	0.23830	
 0.0 	 0.0 	35.0	0.0635 	0.7353 	0.0655 	0.1357 	0.8710 	0.2789	0.04220	0.04245	0.04585	0.04613	0.08105	0.08155	0.08490	0.08542	0.14565	0.14669	0.16630	0.22615	0.22779	0.24927	
 5.0 	 0.0 	35.0	0.0707 	0.7315 	0.0664 	0.1315 	0.8629 	0.2971	0.04236	0.04261	0.04640	0.04667	0.08101	0.08149	0.08523	0.08575	0.14784	0.14890	0.17037	0.22788	0.22953	0.25289	
10.0 	 0.0 	35.0	0.0777 	0.7308 	0.0643 	0.1272 	0.8580 	0.3071	0.04268	0.04293	0.04709	0.04737	0.08128	0.08177	0.08588	0.08640	0.15050	0.15158	0.17486	0.23045	0.23213	0.25730	
20.0 	 0.0 	35.0	0.0945 	0.7347 	0.0561 	0.1148 	0.8495 	0.3206	0.04372	0.04398	0.04901	0.04931	0.08250	0.08299	0.08798	0.08852	0.15780	0.15899	0.18656	0.23816	0.23995	0.26944	
21.0 	 0.0 	35.0	0.0965 	0.7355 	0.0549 	0.1130 	0.8486 	0.3218	0.04387	0.04413	0.04926	0.04957	0.08269	0.08318	0.08828	0.08882	0.15876	0.15997	0.18806	0.23922	0.24102	0.27104	
22.0 	 0.0 	35.0	0.0986 	0.7366 	0.0537 	0.1111 	0.8477 	0.3230	0.04403	0.04429	0.04954	0.04984	0.08290	0.08339	0.08860	0.08915	0.15979	0.16102	0.18966	0.24035	0.24218	0.27275	
23.0 	 0.0 	35.0	0.1009 	0.7378 	0.0523 	0.1090 	0.8468 	0.3241	0.04420	0.04447	0.04983	0.05014	0.08313	0.08362	0.08896	0.08950	0.16090	0.16215	0.19136	0.24159	0.24343	0.27459	
24.0 	 0.0 	35.0	0.1033 	0.7392 	0.0509 	0.1067 	0.8459 	0.3253	0.04439	0.04466	0.05015	0.05046	0.08339	0.08388	0.08934	0.08989	0.16209	0.16337	0.19319	0.24293	0.24480	0.27658	
25.0 	 0.0 	35.0	0.1058 	0.7408 	0.0493 	0.1041 	0.8449 	0.3265	0.04460	0.04487	0.05049	0.05081	0.08368	0.08418	0.08977	0.09033	0.16339	0.16470	0.19518	0.24440	0.24630	0.27874	
26.0 	 0.0 	35.0	0.1085 	0.7428 	0.0475 	0.1012 	0.8440 	0.3277	0.04484	0.04511	0.05087	0.05120	0.08401	0.08451	0.09025	0.09081	0.16482	0.16615	0.19734	0.24603	0.24796	0.28111	
27.0 	 0.0 	35.0	0.1115 	0.7451 	0.0456 	0.0979 	0.8430 	0.3289	0.04511	0.04538	0.05129	0.05163	0.08439	0.08490	0.09078	0.09135	0.16640	0.16777	0.19972	0.24785	0.24982	0.28374	
28.0 	 0.0 	35.0	0.1147 	0.7479 	0.0433 	0.0941 	0.8420 	0.3301	0.04541	0.04569	0.05177	0.05211	0.08483	0.08534	0.09139	0.09197	0.16818	0.16959	0.20236	0.24992	0.25193	0.28669	
29.0 	 0.0 	35.0	0.1182 	0.7513 	0.0408 	0.0897 	0.8410 	0.3313	0.04576	0.04605	0.05231	0.05266	0.08536	0.08587	0.09210	0.09269	0.17020	0.17166	0.20536	0.25229	0.25436	0.29005	
30.0 	 0.0 	35.0	0.1222 	0.7555 	0.0379 	0.0844 	0.8399 	0.3325	0.04618	0.04647	0.05293	0.05330	0.08598	0.08650	0.09294	0.09354	0.17255	0.17407	0.20881	0.25508	0.25721	0.29395	
31.0 	 0.0 	35.0	0.1267 	0.7609 	0.0344 	0.0779 	0.8388 	0.3337	0.04668	0.04698	0.05368	0.05407	0.08676	0.08728	0.09396	0.09458	0.17535	0.17695	0.21288	0.25843	0.26065	0.29860	
32.0 	 0.0 	35.0	0.1321 	0.7681 	0.0301 	0.0696 	0.8377 	0.3349	0.04732	0.04763	0.05460	0.05502	0.08775	0.08829	0.09524	0.09589	0.17880	0.18051	0.21787	0.26263	0.26495	0.30433	
33.0 	 0.0 	35.0	0.1388 	0.7782 	0.0246 	0.0584 	0.8366 	0.3362	0.04817	0.04850	0.05581	0.05626	0.08910	0.08966	0.09695	0.09763	0.18333	0.18518	0.22432	0.26819	0.27066	0.31184	
34.0 	 0.0 	35.0	0.1479 	0.7940 	0.0166 	0.0414 	0.8354 	0.3375	0.04944	0.04979	0.05756	0.05807	0.09116	0.09174	0.09949	0.10023	0.18991	0.19200	0.23358	0.27639	0.27911	0.32275	
35.0 	 0.0 	35.0	0.1658 	0.8342 	0.0000 	0.0000 	0.8342 	0.3388	0.05238	0.05281	0.06147	0.06212	0.09611	0.09677	0.10541	0.10630	0.20467	0.20738	0.25388	0.29525	0.29861	0.34721	
36.0 	 0.0 	35.0	0.1482 	0.7934 	0.0188 	0.0395 	0.8330 	0.3401	0.04942	0.04977	0.05756	0.05806	0.09111	0.09169	0.09946	0.10019	0.18996	0.19206	0.23375	0.27639	0.27912	0.32289	
37.0 	 0.0 	35.0	0.1394 	0.7765 	0.0288 	0.0552 	0.8317 	0.3415	0.04812	0.04845	0.05580	0.05625	0.08896	0.08951	0.09685	0.09753	0.18343	0.18529	0.22471	0.26814	0.27063	0.31211	
38.0 	 0.0 	35.0	0.1333 	0.7651 	0.0363 	0.0653 	0.8304 	0.3429	0.04723	0.04754	0.05459	0.05500	0.08750	0.08803	0.09507	0.09571	0.17896	0.18069	0.21851	0.26253	0.26486	0.30476	
39.0 	 0.0 	35.0	0.1285 	0.7565 	0.0425 	0.0726 	0.8291 	0.3443	0.04655	0.04685	0.05366	0.05404	0.08638	0.08690	0.09370	0.09432	0.17557	0.17719	0.21380	0.25826	0.26049	0.29918	
40.0 	 0.0 	35.0	0.1246 	0.7495 	0.0478 	0.0782 	0.8277 	0.3457	0.04599	0.04629	0.05290	0.05327	0.08548	0.08599	0.09260	0.09320	0.17284	0.17439	0.21002	0.25483	0.25697	0.29470	
41.0 	 0.0 	35.0	0.1213 	0.7436 	0.0525 	0.0826 	0.8262 	0.3472	0.04553	0.04581	0.05227	0.05263	0.08472	0.08522	0.09167	0.09225	0.17056	0.17205	0.20688	0.25196	0.25404	0.29097	
42.0 	 0.0 	35.0	0.1185 	0.7384 	0.0568 	0.0863 	0.8247 	0.3487	0.04513	0.04541	0.05172	0.05207	0.08405	0.08455	0.09086	0.09144	0.16862	0.17006	0.20421	0.24950	0.25153	0.28778	
43.0 	 0.0 	35.0	0.1161 	0.7338 	0.0607 	0.0894 	0.8232 	0.3502	0.04477	0.04505	0.05124	0.05158	0.08347	0.08396	0.09015	0.09071	0.16692	0.16832	0.20189	0.24734	0.24934	0.28501	
44.0 	 0.0 	35.0	0.1140 	0.7296 	0.0644 	0.0919 	0.8216 	0.3518	0.04445	0.04472	0.05082	0.05115	0.08294	0.08342	0.08951	0.09007	0.16542	0.16679	0.19986	0.24543	0.24738	0.28257	
45.0 	 0.0 	35.0	0.1121 	0.7258 	0.0680 	0.0942 	0.8199 	0.3534	0.04416	0.04443	0.05043	0.05075	0.08245	0.08293	0.08893	0.08948	0.16408	0.16542	0.19805	0.24370	0.24562	0.28038	
46.0 	 0.0 	35.0	0.1104 	0.7221 	0.0714 	0.0961 	0.8182 	0.3551	0.04390	0.04416	0.05008	0.05039	0.08200	0.08248	0.08840	0.08894	0.16286	0.16418	0.19643	0.24212	0.24402	0.27841	
47.0 	 0.0 	35.0	0.1089 	0.7187 	0.0746 	0.0978 	0.8165 	0.3568	0.04365	0.04390	0.04975	0.05007	0.08157	0.08205	0.08790	0.08843	0.16175	0.16304	0.19496	0.24067	0.24255	0.27661	
48.0 	 0.0 	35.0	0.1076 	0.7154 	0.0778 	0.0993 	0.8146 	0.3585	0.04341	0.04367	0.04945	0.04976	0.08117	0.08164	0.08743	0.08796	0.16073	0.16200	0.19363	0.23933	0.24118	0.27497	
49.0 	 0.0 	35.0	0.1064 	0.7121 	0.0809 	0.1006 	0.8127 	0.3602	0.04319	0.04344	0.04917	0.04948	0.08078	0.08125	0.08699	0.08751	0.15978	0.16104	0.19242	0.23807	0.23991	0.27345	
50.0 	 0.0 	35.0	0.1053 	0.7090 	0.0840 	0.1017 	0.8107 	0.3621	0.04298	0.04323	0.04891	0.04921	0.08041	0.08088	0.08657	0.08709	0.15891	0.16015	0.19130	0.23689	0.23871	0.27205	
51.0 	 0.0 	35.0	0.1044 	0.7059 	0.0870 	0.1027 	0.8086 	0.3639	0.04277	0.04302	0.04866	0.04896	0.08005	0.08052	0.08616	0.08668	0.15809	0.15932	0.19028	0.23577	0.23758	0.27074	
52.0 	 0.0 	35.0	0.1035 	0.7029 	0.0900 	0.1036 	0.8065 	0.3658	0.04258	0.04283	0.04843	0.04872	0.07970	0.08016	0.08577	0.08628	0.15732	0.15854	0.18934	0.23471	0.23650	0.26951	
53.0 	 0.0 	35.0	0.1028 	0.6999 	0.0930 	0.1044 	0.8042 	0.3678	0.04239	0.04263	0.04820	0.04849	0.07935	0.07981	0.08539	0.08590	0.15659	0.15780	0.18847	0.23369	0.23547	0.26837	
54.0 	 0.0 	35.0	0.1021 	0.6968 	0.0960 	0.1050 	0.8019 	0.3698	0.04220	0.04245	0.04799	0.04827	0.07901	0.07947	0.08503	0.08553	0.15591	0.15711	0.18767	0.23272	0.23449	0.26729	
55.0 	 0.0 	35.0	0.1016 	0.6938 	0.0990 	0.1056 	0.7994 	0.3718	0.04202	0.04226	0.04778	0.04806	0.07868	0.07913	0.08466	0.08517	0.15526	0.15646	0.18694	0.23178	0.23354	0.26628	
56.0 	 0.0 	35.0	0.1011 	0.6907 	0.1021 	0.1061 	0.7968 	0.3739	0.04184	0.04208	0.04758	0.04786	0.07834	0.07879	0.08431	0.08481	0.15465	0.15584	0.18626	0.23087	0.23262	0.26532	
57.0 	 0.0 	35.0	0.1007 	0.6876 	0.1052 	0.1065 	0.7941 	0.3761	0.04166	0.04190	0.04739	0.04767	0.07800	0.07845	0.08396	0.08446	0.15407	0.15525	0.18563	0.22999	0.23174	0.26442	
58.0 	 0.0 	35.0	0.1004 	0.6844 	0.1083 	0.1069 	0.7913 	0.3783	0.04149	0.04173	0.04720	0.04748	0.07766	0.07811	0.08361	0.08411	0.15351	0.15468	0.18506	0.22914	0.23087	0.26356	
59.0 	 0.0 	35.0	0.1001 	0.6812 	0.1115 	0.1072 	0.7883 	0.3806	0.04131	0.04155	0.04702	0.04730	0.07732	0.07777	0.08327	0.08376	0.15298	0.15415	0.18454	0.22830	0.23003	0.26275	
60.0 	 0.0 	35.0	0.1000 	0.6778 	0.1148 	0.1074 	0.7852 	0.3830	0.04114	0.04137	0.04685	0.04712	0.07697	0.07742	0.08292	0.08341	0.15247	0.15364	0.18407	0.22747	0.22920	0.26198	
61.0 	 0.0 	35.0	0.0999 	0.6744 	0.1182 	0.1075 	0.7819 	0.3854	0.04096	0.04120	0.04667	0.04695	0.07662	0.07706	0.08257	0.08306	0.15199	0.15315	0.18365	0.22667	0.22838	0.26125	
62.0 	 0.0 	35.0	0.1000 	0.6708 	0.1217 	0.1076 	0.7784 	0.3879	0.04078	0.04102	0.04650	0.04678	0.07626	0.07670	0.08222	0.08271	0.15153	0.15268	0.18327	0.22587	0.22758	0.26057	
63.0 	 0.0 	35.0	0.1001 	0.6671 	0.1253 	0.1076 	0.7746 	0.3905	0.04060	0.04084	0.04634	0.04661	0.07588	0.07632	0.08187	0.08235	0.15109	0.15224	0.18295	0.22508	0.22678	0.25992	
64.0 	 0.0 	35.0	0.1003 	0.6632 	0.1290 	0.1075 	0.7707 	0.3932	0.04042	0.04065	0.04617	0.04644	0.07550	0.07594	0.08151	0.08199	0.15066	0.15181	0.18267	0.22429	0.22599	0.25931	
65.0 	 0.0 	35.0	0.1007 	0.6591 	0.1329 	0.1073 	0.7664 	0.3960	0.04023	0.04046	0.04601	0.04628	0.07510	0.07554	0.08114	0.08162	0.15026	0.15141	0.18245	0.22350	0.22521	0.25873	
66.0 	 0.0 	35.0	0.1013 	0.6544 	0.1374 	0.1069 	0.7613 	0.3986	0.04003	0.04025	0.04585	0.04612	0.07465	0.07508	0.08073	0.08121	0.14989	0.15104	0.18235	0.22269	0.22439	0.25823	
67.0 	 0.0 	35.0	0.1022 	0.6489 	0.1426 	0.1063 	0.7552 	0.4011	0.03980	0.04002	0.04568	0.04595	0.07414	0.07457	0.08029	0.08076	0.14954	0.15070	0.18239	0.22185	0.22355	0.25780	
68.0 	 0.0 	35.0	0.1034 	0.6428 	0.1483 	0.1055 	0.7483 	0.4036	0.03955	0.03978	0.04551	0.04578	0.07358	0.07401	0.07981	0.08028	0.14923	0.15039	0.18253	0.22097	0.22267	0.25743	
70.0 	 0.0 	35.0	0.1067 	0.6284 	0.1617 	0.1032 	0.7316 	0.4085	0.03900	0.03922	0.04516	0.04543	0.07228	0.07270	0.07873	0.07920	0.14868	0.14985	0.18320	0.21910	0.22081	0.25689	
 0.0 	180.0 	35.0	0.0635 	0.7353 	0.0655 	0.1357 	0.8710 	0.2789	0.04220	0.04245	0.04585	0.04613	0.08105	0.08155	0.08490	0.08542	0.14565	0.14669	0.16630	0.22615	0.22779	0.24927	
 5.0 	180.0 	35.0	0.0608 	0.7271 	0.0763 	0.1358 	0.8629 	0.2971	0.04165	0.04189	0.04517	0.04543	0.08007	0.08056	0.08379	0.08430	0.14336	0.14438	0.16346	0.22296	0.22457	0.24552	
10.0 	180.0 	35.0	0.0577 	0.7216 	0.0843 	0.1364 	0.8580 	0.3071	0.04121	0.04145	0.04457	0.04484	0.07935	0.07982	0.08291	0.08341	0.14135	0.14236	0.16079	0.22037	0.22196	0.24227	
20.0 	180.0 	35.0	0.0522 	0.7122 	0.0983 	0.1373 	0.8495 	0.3206	0.04045	0.04069	0.04355	0.04381	0.07810	0.07857	0.08140	0.08189	0.13792	0.13892	0.15619	0.21599	0.21756	0.23675	
21.0 	180.0 	35.0	0.0517 	0.7112 	0.0997 	0.1374 	0.8486 	0.3218	0.04038	0.04062	0.04345	0.04371	0.07798	0.07845	0.08125	0.08174	0.13761	0.13861	0.15579	0.21559	0.21715	0.23626	
22.0 	180.0 	35.0	0.0513 	0.7103 	0.1011 	0.1374 	0.8477 	0.3230	0.04031	0.04055	0.04336	0.04362	0.07786	0.07833	0.08111	0.08160	0.13731	0.13830	0.15539	0.21519	0.21676	0.23577	
23.0 	180.0 	35.0	0.0508 	0.7093 	0.1024 	0.1374 	0.8468 	0.3241	0.04024	0.04047	0.04327	0.04353	0.07774	0.07821	0.08097	0.08146	0.13701	0.13800	0.15501	0.21480	0.21636	0.23530	
24.0 	180.0 	35.0	0.0504 	0.7084 	0.1038 	0.1375 	0.8459 	0.3253	0.04017	0.04040	0.04318	0.04343	0.07762	0.07809	0.08083	0.08132	0.13672	0.13771	0.15463	0.21441	0.21598	0.23483	
25.0 	180.0 	35.0	0.0499 	0.7074 	0.1051 	0.1375 	0.8449 	0.3265	0.04010	0.04033	0.04309	0.04334	0.07750	0.07797	0.08069	0.08118	0.13643	0.13742	0.15426	0.21403	0.21559	0.23437	
26.0 	180.0 	35.0	0.0495 	0.7065 	0.1065 	0.1375 	0.8440 	0.3277	0.04003	0.04026	0.04300	0.04326	0.07738	0.07785	0.08056	0.08104	0.13615	0.13714	0.15390	0.21365	0.21522	0.23393	
27.0 	180.0 	35.0	0.0491 	0.7055 	0.1079 	0.1375 	0.8430 	0.3289	0.03996	0.04019	0.04291	0.04317	0.07727	0.07773	0.08042	0.08091	0.13587	0.13686	0.15355	0.21328	0.21484	0.23348	
28.0 	180.0 	35.0	0.0487 	0.7045 	0.1093 	0.1375 	0.8420 	0.3301	0.03989	0.04013	0.04282	0.04308	0.07714	0.07761	0.08028	0.08077	0.13559	0.13658	0.15321	0.21291	0.21447	0.23305	
29.0 	180.0 	35.0	0.0484 	0.7035 	0.1106 	0.1375 	0.8410 	0.3313	0.03982	0.04006	0.04274	0.04299	0.07702	0.07749	0.08014	0.08063	0.13532	0.13631	0.15287	0.21254	0.21410	0.23263	
30.0 	180.0 	35.0	0.0480 	0.7025 	0.1120 	0.1374 	0.8399 	0.3325	0.03975	0.03999	0.04265	0.04291	0.07690	0.07736	0.08001	0.08049	0.13505	0.13604	0.15255	0.21218	0.21373	0.23221	
31.0 	180.0 	35.0	0.0477 	0.7014 	0.1135 	0.1374 	0.8388 	0.3337	0.03968	0.03992	0.04257	0.04282	0.07678	0.07724	0.07987	0.08035	0.13479	0.13578	0.15223	0.21181	0.21337	0.23180	
32.0 	180.0 	35.0	0.0474 	0.7004 	0.1149 	0.1374 	0.8377 	0.3349	0.03961	0.03985	0.04248	0.04274	0.07665	0.07711	0.07973	0.08021	0.13453	0.13552	0.15192	0.21145	0.21301	0.23139	
33.0 	180.0 	35.0	0.0471 	0.6993 	0.1163 	0.1373 	0.8366 	0.3362	0.03954	0.03978	0.04240	0.04266	0.07653	0.07699	0.07959	0.08008	0.13427	0.13526	0.15162	0.21109	0.21265	0.23100	
34.0 	180.0 	35.0	0.0468 	0.6982 	0.1178 	0.1372 	0.8354 	0.3375	0.03947	0.03971	0.04232	0.04257	0.07640	0.07686	0.07945	0.07994	0.13402	0.13501	0.15132	0.21074	0.21230	0.23061	
35.0 	180.0 	35.0	0.0465 	0.6971 	0.1193 	0.1371 	0.8342 	0.3388	0.03940	0.03964	0.04224	0.04249	0.07627	0.07673	0.07932	0.07980	0.13377	0.13476	0.15104	0.21038	0.21194	0.23022	
36.0 	180.0 	35.0	0.0462 	0.6960 	0.1208 	0.1370 	0.8330 	0.3401	0.03933	0.03956	0.04216	0.04241	0.07615	0.07660	0.07918	0.07966	0.13353	0.13452	0.15076	0.21003	0.21159	0.22984	
37.0 	180.0 	35.0	0.0460 	0.6948 	0.1223 	0.1369 	0.8317 	0.3415	0.03926	0.03949	0.04207	0.04233	0.07601	0.07647	0.07904	0.07952	0.13328	0.13427	0.15049	0.20968	0.21123	0.22947	
38.0 	180.0 	35.0	0.0458 	0.6936 	0.1238 	0.1368 	0.8304 	0.3429	0.03919	0.03942	0.04199	0.04225	0.07588	0.07633	0.07889	0.07937	0.13304	0.13404	0.15023	0.20932	0.21088	0.22911	
39.0 	180.0 	35.0	0.0455 	0.6924 	0.1254 	0.1367 	0.8291 	0.3443	0.03912	0.03935	0.04191	0.04217	0.07574	0.07620	0.07875	0.07923	0.13281	0.13380	0.14998	0.20897	0.21053	0.22875	
40.0 	180.0 	35.0	0.0453 	0.6911 	0.1270 	0.1365 	0.8277 	0.3457	0.03904	0.03928	0.04183	0.04209	0.07561	0.07606	0.07861	0.07908	0.13257	0.13357	0.14973	0.20862	0.21018	0.22839	
41.0 	180.0 	35.0	0.0452 	0.6898 	0.1286 	0.1364 	0.8262 	0.3472	0.03897	0.03920	0.04175	0.04200	0.07547	0.07592	0.07846	0.07894	0.13234	0.13333	0.14949	0.20827	0.20982	0.22804	
42.0 	180.0 	35.0	0.0450 	0.6885 	0.1303 	0.1362 	0.8247 	0.3487	0.03889	0.03913	0.04167	0.04192	0.07532	0.07577	0.07831	0.07879	0.13211	0.13311	0.14926	0.20791	0.20947	0.22770	
43.0 	180.0 	35.0	0.0448 	0.6871 	0.1320 	0.1360 	0.8232 	0.3502	0.03882	0.03905	0.04159	0.04184	0.07518	0.07563	0.07816	0.07864	0.13189	0.13288	0.14904	0.20756	0.20911	0.22735	
44.0 	180.0 	35.0	0.0447 	0.6858 	0.1337 	0.1358 	0.8216 	0.3518	0.03874	0.03897	0.04151	0.04176	0.07503	0.07548	0.07801	0.07849	0.13166	0.13266	0.14882	0.20720	0.20876	0.22702	
45.0 	180.0 	35.0	0.0446 	0.6843 	0.1355 	0.1356 	0.8199 	0.3534	0.03866	0.03889	0.04143	0.04168	0.07488	0.07532	0.07786	0.07833	0.13144	0.13243	0.14862	0.20684	0.20840	0.22669	
46.0 	180.0 	35.0	0.0445 	0.6828 	0.1373 	0.1354 	0.8182 	0.3551	0.03858	0.03881	0.04135	0.04160	0.07472	0.07517	0.07770	0.07818	0.13121	0.13221	0.14842	0.20648	0.20804	0.22636	
47.0 	180.0 	35.0	0.0444 	0.6813 	0.1391 	0.1352 	0.8165 	0.3568	0.03850	0.03873	0.04127	0.04152	0.07456	0.07501	0.07754	0.07802	0.13099	0.13199	0.14822	0.20612	0.20768	0.22603	
48.0 	180.0 	35.0	0.0444 	0.6797 	0.1410 	0.1349 	0.8146 	0.3585	0.03842	0.03865	0.04119	0.04144	0.07439	0.07484	0.07738	0.07785	0.13077	0.13177	0.14804	0.20575	0.20731	0.22571	
49.0 	180.0 	35.0	0.0443 	0.6781 	0.1430 	0.1346 	0.8127 	0.3602	0.03834	0.03857	0.04111	0.04136	0.07423	0.07467	0.07722	0.07769	0.13056	0.13156	0.14786	0.20538	0.20694	0.22539	
50.0 	180.0 	35.0	0.0443 	0.6764 	0.1450 	0.1343 	0.8107 	0.3621	0.03825	0.03848	0.04102	0.04127	0.07405	0.07450	0.07705	0.07752	0.13034	0.13134	0.14769	0.20501	0.20656	0.22508	
51.0 	180.0 	35.0	0.0443 	0.6746 	0.1471 	0.1340 	0.8086 	0.3639	0.03816	0.03839	0.04094	0.04119	0.07387	0.07432	0.07687	0.07734	0.13012	0.13112	0.14752	0.20462	0.20618	0.22476	
52.0 	180.0 	35.0	0.0443 	0.6728 	0.1492 	0.1337 	0.8065 	0.3658	0.03807	0.03830	0.04085	0.04110	0.07369	0.07413	0.07670	0.07717	0.12990	0.13091	0.14737	0.20424	0.20580	0.22445	
53.0 	180.0 	35.0	0.0443 	0.6709 	0.1514 	0.1333 	0.8042 	0.3678	0.03798	0.03821	0.04077	0.04102	0.07350	0.07394	0.07651	0.07698	0.12968	0.13069	0.14722	0.20384	0.20540	0.22414	
54.0 	180.0 	35.0	0.0444 	0.6690 	0.1537 	0.1329 	0.8019 	0.3698	0.03788	0.03811	0.04068	0.04093	0.07330	0.07374	0.07633	0.07679	0.12946	0.13047	0.14707	0.20344	0.20500	0.22383	
55.0 	180.0 	35.0	0.0445 	0.6669 	0.1561 	0.1325 	0.7994 	0.3718	0.03778	0.03801	0.04059	0.04084	0.07309	0.07353	0.07613	0.07660	0.12924	0.13025	0.14694	0.20303	0.20459	0.22352	
56.0 	180.0 	35.0	0.0446 	0.6648 	0.1586 	0.1321 	0.7968 	0.3739	0.03768	0.03791	0.04050	0.04075	0.07288	0.07332	0.07593	0.07640	0.12902	0.13003	0.14681	0.20260	0.20417	0.22321	
57.0 	180.0 	35.0	0.0447 	0.6625 	0.1611 	0.1316 	0.7941 	0.3761	0.03757	0.03780	0.04040	0.04065	0.07266	0.07309	0.07572	0.07619	0.12878	0.12980	0.14667	0.20216	0.20373	0.22289	
58.0 	180.0 	35.0	0.0449 	0.6601 	0.1638 	0.1312 	0.7913 	0.3783	0.03746	0.03769	0.04031	0.04056	0.07242	0.07286	0.07550	0.07597	0.12854	0.12956	0.14654	0.20171	0.20328	0.22256	
59.0 	180.0 	35.0	0.0450 	0.6577 	0.1667 	0.1307 	0.7883 	0.3806	0.03735	0.03757	0.04020	0.04045	0.07218	0.07261	0.07527	0.07574	0.12830	0.12932	0.14641	0.20123	0.20280	0.22222	
60.0 	180.0 	35.0	0.0452 	0.6550 	0.1696 	0.1302 	0.7852 	0.3830	0.03722	0.03745	0.04010	0.04035	0.07192	0.07235	0.07503	0.07549	0.12804	0.12906	0.14628	0.20073	0.20230	0.22186	
61.0 	180.0 	35.0	0.0454 	0.6523 	0.1727 	0.1296 	0.7819 	0.3854	0.03709	0.03732	0.03998	0.04023	0.07165	0.07207	0.07478	0.07524	0.12778	0.12880	0.14615	0.20021	0.20179	0.22150	
62.0 	180.0 	35.0	0.0456 	0.6493 	0.1760 	0.1290 	0.7784 	0.3879	0.03696	0.03718	0.03987	0.04012	0.07136	0.07179	0.07451	0.07497	0.12750	0.12853	0.14603	0.19967	0.20124	0.22113	
63.0 	180.0 	35.0	0.0459 	0.6462 	0.1795 	0.1284 	0.7746 	0.3905	0.03681	0.03704	0.03975	0.03999	0.07105	0.07148	0.07423	0.07469	0.12722	0.12825	0.14590	0.19909	0.20067	0.22074	
64.0 	180.0 	35.0	0.0461 	0.6429 	0.1832 	0.1277 	0.7707 	0.3932	0.03666	0.03688	0.03962	0.03987	0.07073	0.07115	0.07394	0.07439	0.12692	0.12795	0.14577	0.19849	0.20007	0.22034	
65.0 	180.0 	35.0	0.0465 	0.6394 	0.1871 	0.1270 	0.7664 	0.3960	0.03650	0.03672	0.03948	0.03973	0.07039	0.07081	0.07362	0.07408	0.12660	0.12764	0.14565	0.19785	0.19944	0.21992	
66.0 	180.0 	35.0	0.0469 	0.6351 	0.1918 	0.1262 	0.7613 	0.3986	0.03631	0.03653	0.03933	0.03957	0.06997	0.07039	0.07325	0.07370	0.12626	0.12730	0.14555	0.19711	0.19870	0.21946	
67.0 	180.0 	35.0	0.0476 	0.6300 	0.1972 	0.1252 	0.7552 	0.4011	0.03609	0.03631	0.03915	0.03940	0.06949	0.06991	0.07281	0.07327	0.12588	0.12693	0.14548	0.19627	0.19786	0.21897	
68.0 	180.0 	35.0	0.0483 	0.6242 	0.2034 	0.1240 	0.7483 	0.4036	0.03584	0.03605	0.03895	0.03920	0.06894	0.06935	0.07232	0.07277	0.12546	0.12652	0.14543	0.19532	0.19692	0.21843	
70.0 	180.0 	35.0	0.0502 	0.6104 	0.2181 	0.1213 	0.7316 	0.4085	0.03524	0.03545	0.03849	0.03874	0.06762	0.06803	0.07115	0.07160	0.12449	0.12557	0.14537	0.19309	0.19471	0.21722	
 0.0 	 0.0 	50.0	0.0392 	0.7087 	0.0899 	0.1623 	0.8710 	0.2789	0.04009	0.04023	0.04250	0.04266	0.07803	0.07831	0.08061	0.08091	0.13157	0.13221	0.14608	0.20878	0.20979	0.22556	
 5.0 	 0.0 	50.0	0.0444 	0.7032 	0.0927 	0.1598 	0.8629 	0.2971	0.04007	0.04021	0.04277	0.04292	0.07771	0.07798	0.08059	0.08088	0.13279	0.13344	0.14874	0.20942	0.21043	0.22765	
10.0 	 0.0 	50.0	0.0497 	0.7004 	0.0924 	0.1576 	0.8580 	0.3071	0.04019	0.04033	0.04317	0.04333	0.07768	0.07795	0.08084	0.08113	0.13444	0.13510	0.15177	0.21078	0.21179	0.23041	
20.0 	 0.0 	50.0	0.0619 	0.6970 	0.0886 	0.1525 	0.8495 	0.3206	0.04064	0.04077	0.04427	0.04443	0.07794	0.07821	0.08175	0.08204	0.13876	0.13945	0.15928	0.21479	0.21583	0.23765	
21.0 	 0.0 	50.0	0.0633 	0.6967 	0.0881 	0.1519 	0.8486 	0.3218	0.04069	0.04083	0.04440	0.04456	0.07798	0.07825	0.08187	0.08216	0.13928	0.13997	0.16016	0.21529	0.21633	0.23851	
22.0 	 0.0 	50.0	0.0647 	0.6965 	0.0876 	0.1512 	0.8477 	0.3230	0.04075	0.04089	0.04454	0.04470	0.07803	0.07830	0.08200	0.08229	0.13982	0.14051	0.16108	0.21581	0.21685	0.23941	
23.0 	 0.0 	50.0	0.0662 	0.6963 	0.0870 	0.1505 	0.8468 	0.3241	0.04082	0.04096	0.04468	0.04484	0.07808	0.07835	0.08213	0.08242	0.14038	0.14108	0.16202	0.21635	0.21740	0.24035	
24.0 	 0.0 	50.0	0.0678 	0.6961 	0.0864 	0.1498 	0.8459 	0.3253	0.04089	0.04103	0.04483	0.04499	0.07814	0.07840	0.08226	0.08256	0.14096	0.14166	0.16300	0.21691	0.21797	0.24132	
25.0 	 0.0 	50.0	0.0693 	0.6959 	0.0857 	0.1490 	0.8449 	0.3265	0.04096	0.04110	0.04498	0.04515	0.07819	0.07846	0.08241	0.08270	0.14156	0.14227	0.16402	0.21750	0.21857	0.24233	
26.0 	 0.0 	50.0	0.0710 	0.6957 	0.0850 	0.1482 	0.8440 	0.3277	0.04103	0.04117	0.04515	0.04531	0.07826	0.07853	0.08256	0.08286	0.14219	0.14291	0.16507	0.21812	0.21919	0.24338	
27.0 	 0.0 	50.0	0.0727 	0.6956 	0.0843 	0.1474 	0.8430 	0.3289	0.04111	0.04125	0.04531	0.04548	0.07833	0.07860	0.08272	0.08302	0.14284	0.14357	0.16617	0.21877	0.21985	0.24448	
28.0 	 0.0 	50.0	0.0744 	0.6955 	0.0836 	0.1465 	0.8420 	0.3301	0.04119	0.04133	0.04549	0.04566	0.07841	0.07867	0.08289	0.08319	0.14353	0.14426	0.16732	0.21945	0.22054	0.24563	
29.0 	 0.0 	50.0	0.0762 	0.6954 	0.0828 	0.1456 	0.8410 	0.3313	0.04128	0.04142	0.04568	0.04584	0.07849	0.07876	0.08307	0.08337	0.14425	0.14499	0.16851	0.22017	0.22126	0.24683	
30.0 	 0.0 	50.0	0.0781 	0.6954 	0.0820 	0.1445 	0.8399 	0.3325	0.04137	0.04152	0.04587	0.04604	0.07858	0.07885	0.08326	0.08356	0.14500	0.14575	0.16976	0.22093	0.22203	0.24809	
31.0 	 0.0 	50.0	0.0801 	0.6954 	0.0811 	0.1435 	0.8388 	0.3337	0.04147	0.04162	0.04607	0.04625	0.07868	0.07894	0.08347	0.08377	0.14579	0.14655	0.17107	0.22173	0.22284	0.24941	
32.0 	 0.0 	50.0	0.0821 	0.6954 	0.0801 	0.1423 	0.8377 	0.3349	0.04158	0.04173	0.04629	0.04646	0.07878	0.07905	0.08368	0.08399	0.14663	0.14739	0.17245	0.22258	0.22370	0.25081	
33.0 	 0.0 	50.0	0.0843 	0.6956 	0.0791 	0.1410 	0.8366 	0.3362	0.04170	0.04184	0.04652	0.04670	0.07890	0.07917	0.08392	0.08422	0.14751	0.14829	0.17390	0.22348	0.22461	0.25229	
34.0 	 0.0 	50.0	0.0866 	0.6958 	0.0780 	0.1397 	0.8354 	0.3375	0.04182	0.04197	0.04676	0.04694	0.07903	0.07930	0.08417	0.08448	0.14845	0.14924	0.17543	0.22445	0.22559	0.25386	
35.0 	 0.0 	50.0	0.0889 	0.6960 	0.0768 	0.1382 	0.8342 	0.3388	0.04195	0.04210	0.04702	0.04720	0.07918	0.07945	0.08444	0.08475	0.14945	0.15025	0.17706	0.22548	0.22664	0.25553	
36.0 	 0.0 	50.0	0.0914 	0.6964 	0.0756 	0.1366 	0.8330 	0.3401	0.04210	0.04225	0.04730	0.04749	0.07934	0.07961	0.08474	0.08505	0.15052	0.15134	0.17879	0.22660	0.22778	0.25732	
37.0 	 0.0 	50.0	0.0941 	0.6969 	0.0742 	0.1348 	0.8317 	0.3415	0.04226	0.04241	0.04760	0.04779	0.07952	0.07980	0.08506	0.08538	0.15168	0.15251	0.18065	0.22782	0.22901	0.25925	
38.0 	 0.0 	50.0	0.0969 	0.6976 	0.0727 	0.1329 	0.8304 	0.3429	0.04243	0.04259	0.04793	0.04812	0.07973	0.08000	0.08542	0.08574	0.15292	0.15378	0.18264	0.22914	0.23035	0.26133	
39.0 	 0.0 	50.0	0.0999 	0.6984 	0.0710 	0.1307 	0.8291 	0.3443	0.04263	0.04278	0.04828	0.04848	0.07996	0.08024	0.08581	0.08614	0.15428	0.15516	0.18481	0.23060	0.23183	0.26360	
40.0 	 0.0 	50.0	0.1032 	0.6995 	0.0691 	0.1282 	0.8277 	0.3457	0.04285	0.04300	0.04868	0.04888	0.08023	0.08051	0.08626	0.08659	0.15578	0.15668	0.18717	0.23221	0.23347	0.26609	
41.0 	 0.0 	50.0	0.1067 	0.7008 	0.0670 	0.1254 	0.8262 	0.3472	0.04309	0.04325	0.04911	0.04932	0.08054	0.08083	0.08676	0.08709	0.15743	0.15836	0.18977	0.23401	0.23530	0.26885	
42.0 	 0.0 	50.0	0.1106 	0.7025 	0.0647 	0.1222 	0.8247 	0.3487	0.04338	0.04354	0.04960	0.04981	0.08091	0.08120	0.08733	0.08767	0.15929	0.16025	0.19265	0.23605	0.23738	0.27194	
43.0 	 0.0 	50.0	0.1149 	0.7048 	0.0619 	0.1184 	0.8232 	0.3502	0.04371	0.04387	0.05015	0.05038	0.08134	0.08164	0.08799	0.08834	0.16139	0.16239	0.19590	0.23839	0.23976	0.27544	
44.0 	 0.0 	50.0	0.1196 	0.7076 	0.0588 	0.1140 	0.8216 	0.3518	0.04409	0.04427	0.05080	0.05103	0.08187	0.08217	0.08878	0.08914	0.16382	0.16487	0.19962	0.24113	0.24255	0.27948	
45.0 	 0.0 	50.0	0.1251 	0.7115 	0.0550 	0.1085 	0.8199 	0.3534	0.04456	0.04474	0.05155	0.05180	0.08253	0.08283	0.08972	0.09010	0.16668	0.16779	0.20396	0.24439	0.24587	0.28423	
46.0 	 0.0 	50.0	0.1314 	0.7166 	0.0503 	0.1016 	0.8182 	0.3551	0.04515	0.04534	0.05247	0.05274	0.08337	0.08368	0.09090	0.09130	0.17014	0.17135	0.20916	0.24839	0.24997	0.29000	
47.0 	 0.0 	50.0	0.1391 	0.7239 	0.0445 	0.0925 	0.8165 	0.3568	0.04590	0.04611	0.05364	0.05393	0.08449	0.08481	0.09243	0.09285	0.17452	0.17583	0.21565	0.25353	0.25522	0.29726	
48.0 	 0.0 	50.0	0.1487 	0.7350 	0.0367 	0.0796 	0.8146 	0.3585	0.04695	0.04717	0.05520	0.05553	0.08608	0.08643	0.09454	0.09500	0.18039	0.18188	0.22424	0.26053	0.26240	0.30701	
49.0 	 0.0 	50.0	0.1621 	0.7539 	0.0252 	0.0588 	0.8127 	0.3602	0.04859	0.04885	0.05755	0.05795	0.08866	0.08904	0.09783	0.09837	0.18927	0.19105	0.23699	0.27135	0.27352	0.32173	
50.0 	 0.0 	50.0	0.1893 	0.8107 	0.0000 	0.0000 	0.8107 	0.3621	0.05286	0.05322	0.06328	0.06390	0.09577	0.09626	0.10641	0.10716	0.21106	0.21376	0.26722	0.29893	0.30205	0.35784	
51.0 	 0.0 	50.0	0.1624 	0.7526 	0.0290 	0.0560 	0.8086 	0.3639	0.04854	0.04880	0.05752	0.05793	0.08855	0.08892	0.09774	0.09827	0.18930	0.19109	0.23719	0.27127	0.27346	0.32186	
52.0 	 0.0 	50.0	0.1495 	0.7316 	0.0440 	0.0748 	0.8065 	0.3658	0.04682	0.04704	0.05513	0.05546	0.08577	0.08612	0.09429	0.09475	0.18040	0.18191	0.22467	0.26026	0.26215	0.30721	
53.0 	 0.0 	50.0	0.1405 	0.7182 	0.0553 	0.0861 	0.8042 	0.3678	0.04568	0.04589	0.05352	0.05382	0.08396	0.08428	0.09201	0.09243	0.17451	0.17585	0.21634	0.25302	0.25474	0.29753	
54.0 	 0.0 	50.0	0.1337 	0.7082 	0.0645 	0.0937 	0.8019 	0.3698	0.04483	0.04502	0.05231	0.05258	0.08260	0.08291	0.09030	0.09069	0.17013	0.17136	0.21013	0.24763	0.24924	0.29033	
55.0 	 0.0 	50.0	0.1281 	0.7001 	0.0724 	0.0993 	0.7994 	0.3718	0.04414	0.04432	0.05134	0.05160	0.08151	0.08181	0.08892	0.08930	0.16665	0.16780	0.20523	0.24336	0.24488	0.28464	
56.0 	 0.0 	50.0	0.1236 	0.6933 	0.0796 	0.1035 	0.7968 	0.3739	0.04357	0.04374	0.05054	0.05078	0.08059	0.08088	0.08777	0.08814	0.16378	0.16488	0.20121	0.23982	0.24128	0.27996	
57.0 	 0.0 	50.0	0.1198 	0.6874 	0.0861 	0.1068 	0.7941 	0.3761	0.04307	0.04324	0.04985	0.05007	0.07978	0.08007	0.08678	0.08713	0.16134	0.16240	0.19783	0.23680	0.23822	0.27600	
58.0 	 0.0 	50.0	0.1165 	0.6819 	0.0922 	0.1094 	0.7913 	0.3783	0.04263	0.04280	0.04924	0.04946	0.07907	0.07935	0.08590	0.08624	0.15924	0.16026	0.19493	0.23416	0.23554	0.27259	
59.0 	 0.0 	50.0	0.1137 	0.6768 	0.0980 	0.1115 	0.7883 	0.3806	0.04223	0.04239	0.04870	0.04891	0.07841	0.07869	0.08510	0.08544	0.15738	0.15837	0.19241	0.23181	0.23316	0.26959	
60.0 	 0.0 	50.0	0.1112 	0.6720 	0.1036 	0.1132 	0.7852 	0.3830	0.04187	0.04202	0.04821	0.04842	0.07779	0.07807	0.08437	0.08470	0.15572	0.15669	0.19019	0.22969	0.23102	0.26692	
61.0 	 0.0 	50.0	0.1091 	0.6674 	0.1091 	0.1145 	0.7819 	0.3854	0.04152	0.04168	0.04777	0.04797	0.07721	0.07748	0.08369	0.08401	0.15423	0.15518	0.18822	0.22775	0.22906	0.26453	
62.0 	 0.0 	50.0	0.1072 	0.6628 	0.1144 	0.1155 	0.7784 	0.3879	0.04120	0.04135	0.04735	0.04755	0.07665	0.07692	0.08304	0.08336	0.15287	0.15380	0.18646	0.22595	0.22725	0.26236	
63.0 	 0.0 	50.0	0.1056 	0.6583 	0.1198 	0.1163 	0.7746 	0.3905	0.04089	0.04104	0.04697	0.04716	0.07611	0.07638	0.08242	0.08274	0.15162	0.15254	0.18489	0.22427	0.22555	0.26038	
64.0 	 0.0 	50.0	0.1042 	0.6537 	0.1251 	0.1169 	0.7707 	0.3932	0.04059	0.04074	0.04661	0.04680	0.07557	0.07584	0.08183	0.08214	0.15046	0.15137	0.18347	0.22269	0.22395	0.25855	
65.0 	 0.0 	50.0	0.1030 	0.6491 	0.1305 	0.1173 	0.7664 	0.3960	0.04030	0.04044	0.04626	0.04645	0.07504	0.07531	0.08125	0.08156	0.14938	0.15029	0.18220	0.22117	0.22243	0.25687	
66.0 	 0.0 	50.0	0.1022 	0.6440 	0.1365 	0.1173 	0.7613 	0.3986	0.03999	0.04014	0.04593	0.04611	0.07447	0.07473	0.08065	0.08096	0.14837	0.14927	0.18108	0.21968	0.22093	0.25531	
67.0 	 0.0 	50.0	0.1016 	0.6382 	0.1432 	0.1170 	0.7552 	0.4011	0.03968	0.03982	0.04559	0.04578	0.07385	0.07411	0.08002	0.08033	0.14741	0.14831	0.18013	0.21819	0.21944	0.25386	
68.0 	 0.0 	50.0	0.1013 	0.6319 	0.1504 	0.1164 	0.7483 	0.4036	0.03934	0.03949	0.04526	0.04545	0.07319	0.07345	0.07937	0.07967	0.14649	0.14739	0.17931	0.21669	0.21794	0.25250	
70.0 	 0.0 	50.0	0.1016 	0.6174 	0.1667 	0.1143 	0.7316 	0.4085	0.03863	0.03877	0.04460	0.04479	0.07172	0.07197	0.07796	0.07826	0.14478	0.14569	0.17807	0.21365	0.21490	0.25005	
 0.0 	180.0 	50.0	0.0392 	0.7087 	0.0899 	0.1623 	0.8710 	0.2789	0.04009	0.04023	0.04250	0.04266	0.07803	0.07831	0.08061	0.08091	0.13157	0.13221	0.14608	0.20878	0.20979	0.22556	
 5.0 	180.0 	50.0	0.0368 	0.7016 	0.1003 	0.1613 	0.8629 	0.2971	0.03960	0.03974	0.04191	0.04206	0.07717	0.07744	0.07965	0.07994	0.12965	0.13029	0.14374	0.20612	0.20711	0.22249	
10.0 	180.0 	50.0	0.0343 	0.6970 	0.1077 	0.1609 	0.8580 	0.3071	0.03925	0.03938	0.04143	0.04158	0.07657	0.07684	0.07893	0.07922	0.12807	0.12871	0.14166	0.20407	0.20506	0.21995	
20.0 	180.0 	50.0	0.0301 	0.6893 	0.1204 	0.1602 	0.8495 	0.3206	0.03864	0.03878	0.04063	0.04078	0.07556	0.07583	0.07774	0.07802	0.12548	0.12611	0.13825	0.20072	0.20170	0.21582	
21.0 	180.0 	50.0	0.0298 	0.6885 	0.1216 	0.1601 	0.8486 	0.3218	0.03859	0.03872	0.04056	0.04071	0.07547	0.07573	0.07762	0.07790	0.12525	0.12588	0.13796	0.20042	0.20140	0.21546	
22.0 	180.0 	50.0	0.0295 	0.6877 	0.1228 	0.1599 	0.8477 	0.3230	0.03853	0.03867	0.04049	0.04064	0.07537	0.07563	0.07751	0.07779	0.12502	0.12566	0.13768	0.20012	0.20110	0.21511	
23.0 	180.0 	50.0	0.0292 	0.6870 	0.1240 	0.1598 	0.8468 	0.3241	0.03848	0.03861	0.04042	0.04057	0.07527	0.07553	0.07740	0.07768	0.12481	0.12544	0.13741	0.19983	0.20081	0.21477	
24.0 	180.0 	50.0	0.0289 	0.6862 	0.1253 	0.1597 	0.8459 	0.3253	0.03842	0.03855	0.04035	0.04050	0.07518	0.07544	0.07729	0.07757	0.12459	0.12523	0.13714	0.19954	0.20052	0.21443	
25.0 	180.0 	50.0	0.0286 	0.6853 	0.1265 	0.1596 	0.8449 	0.3265	0.03837	0.03850	0.04028	0.04043	0.07508	0.07534	0.07718	0.07746	0.12438	0.12502	0.13689	0.19925	0.20023	0.21411	
26.0 	180.0 	50.0	0.0283 	0.6845 	0.1277 	0.1594 	0.8440 	0.3277	0.03831	0.03844	0.04022	0.04037	0.07498	0.07524	0.07707	0.07735	0.12417	0.12481	0.13664	0.19897	0.19995	0.21379	
27.0 	180.0 	50.0	0.0281 	0.6837 	0.1289 	0.1593 	0.8430 	0.3289	0.03825	0.03839	0.04015	0.04030	0.07488	0.07514	0.07696	0.07724	0.12397	0.12461	0.13640	0.19869	0.19967	0.21347	
28.0 	180.0 	50.0	0.0278 	0.6828 	0.1302 	0.1592 	0.8420 	0.3301	0.03820	0.03833	0.04009	0.04024	0.07478	0.07504	0.07685	0.07713	0.12377	0.12442	0.13617	0.19841	0.19939	0.21317	
29.0 	180.0 	50.0	0.0276 	0.6820 	0.1314 	0.1590 	0.8410 	0.3313	0.03814	0.03828	0.04002	0.04017	0.07468	0.07494	0.07674	0.07702	0.12358	0.12422	0.13595	0.19813	0.19912	0.21287	
30.0 	180.0 	50.0	0.0274 	0.6811 	0.1327 	0.1588 	0.8399 	0.3325	0.03809	0.03822	0.03996	0.04011	0.07458	0.07484	0.07663	0.07691	0.12339	0.12403	0.13573	0.19786	0.19884	0.21258	
31.0 	180.0 	50.0	0.0272 	0.6802 	0.1340 	0.1587 	0.8388 	0.3337	0.03803	0.03817	0.03989	0.04004	0.07447	0.07473	0.07652	0.07680	0.12320	0.12385	0.13552	0.19759	0.19857	0.21229	
32.0 	180.0 	50.0	0.0270 	0.6793 	0.1353 	0.1585 	0.8377 	0.3349	0.03798	0.03811	0.03983	0.03998	0.07437	0.07463	0.07641	0.07669	0.12302	0.12366	0.13532	0.19732	0.19830	0.21201	
33.0 	180.0 	50.0	0.0268 	0.6783 	0.1366 	0.1583 	0.8366 	0.3362	0.03792	0.03805	0.03977	0.03992	0.07426	0.07452	0.07630	0.07658	0.12284	0.12348	0.13513	0.19705	0.19803	0.21174	
34.0 	180.0 	50.0	0.0267 	0.6774 	0.1379 	0.1581 	0.8354 	0.3375	0.03786	0.03800	0.03971	0.03986	0.07416	0.07441	0.07619	0.07647	0.12266	0.12330	0.13494	0.19678	0.19777	0.21147	
35.0 	180.0 	50.0	0.0265 	0.6764 	0.1392 	0.1579 	0.8342 	0.3388	0.03781	0.03794	0.03965	0.03980	0.07405	0.07431	0.07608	0.07636	0.12248	0.12313	0.13476	0.19651	0.19750	0.21120	
36.0 	180.0 	50.0	0.0264 	0.6753 	0.1406 	0.1577 	0.8330 	0.3401	0.03775	0.03788	0.03958	0.03973	0.07394	0.07419	0.07596	0.07624	0.12231	0.12296	0.13459	0.19624	0.19723	0.21094	
37.0 	180.0 	50.0	0.0263 	0.6743 	0.1420 	0.1574 	0.8317 	0.3415	0.03769	0.03782	0.03952	0.03967	0.07382	0.07408	0.07585	0.07613	0.12214	0.12279	0.13442	0.19597	0.19697	0.21069	
38.0 	180.0 	50.0	0.0262 	0.6732 	0.1434 	0.1572 	0.8304 	0.3429	0.03763	0.03776	0.03946	0.03961	0.07371	0.07396	0.07573	0.07601	0.12197	0.12262	0.13426	0.19571	0.19670	0.21044	
39.0 	180.0 	50.0	0.0261 	0.6721 	0.1448 	0.1569 	0.8291 	0.3443	0.03757	0.03770	0.03940	0.03955	0.07359	0.07385	0.07561	0.07589	0.12180	0.12245	0.13411	0.19544	0.19643	0.21019	
40.0 	180.0 	50.0	0.0260 	0.6710 	0.1463 	0.1567 	0.8277 	0.3457	0.03751	0.03764	0.03934	0.03949	0.07347	0.07373	0.07549	0.07577	0.12163	0.12229	0.13396	0.19517	0.19616	0.20995	
41.0 	180.0 	50.0	0.0260 	0.6698 	0.1478 	0.1564 	0.8262 	0.3472	0.03745	0.03758	0.03928	0.03943	0.07335	0.07360	0.07537	0.07565	0.12147	0.12212	0.13381	0.19489	0.19589	0.20970	
42.0 	180.0 	50.0	0.0259 	0.6686 	0.1494 	0.1561 	0.8247 	0.3487	0.03738	0.03752	0.03921	0.03936	0.07322	0.07347	0.07525	0.07552	0.12130	0.12195	0.13367	0.19461	0.19561	0.20945	
43.0 	180.0 	50.0	0.0258 	0.6674 	0.1510 	0.1558 	0.8232 	0.3502	0.03732	0.03745	0.03915	0.03930	0.07309	0.07334	0.07512	0.07539	0.12112	0.12178	0.13352	0.19432	0.19532	0.20920	
44.0 	180.0 	50.0	0.0258 	0.6661 	0.1526 	0.1555 	0.8216 	0.3518	0.03725	0.03738	0.03908	0.03923	0.07295	0.07321	0.07498	0.07526	0.12094	0.12160	0.13337	0.19402	0.19502	0.20894	
45.0 	180.0 	50.0	0.0257 	0.6647 	0.1543 	0.1552 	0.8199 	0.3534	0.03718	0.03731	0.03901	0.03916	0.07281	0.07307	0.07485	0.07512	0.12076	0.12142	0.13322	0.19372	0.19472	0.20868	
46.0 	180.0 	50.0	0.0257 	0.6633 	0.1561 	0.1549 	0.8182 	0.3551	0.03711	0.03724	0.03894	0.03909	0.07267	0.07292	0.07470	0.07498	0.12057	0.12124	0.13306	0.19340	0.19441	0.20841	
47.0 	180.0 	50.0	0.0257 	0.6619 	0.1579 	0.1545 	0.8165 	0.3568	0.03703	0.03717	0.03887	0.03902	0.07252	0.07277	0.07456	0.07483	0.12038	0.12105	0.13291	0.19308	0.19408	0.20813	
48.0 	180.0 	50.0	0.0256 	0.6604 	0.1598 	0.1542 	0.8146 	0.3585	0.03696	0.03709	0.03879	0.03895	0.07236	0.07261	0.07440	0.07468	0.12019	0.12085	0.13275	0.19274	0.19375	0.20785	
49.0 	180.0 	50.0	0.0256 	0.6589 	0.1617 	0.1538 	0.8127 	0.3602	0.03688	0.03701	0.03872	0.03887	0.07220	0.07245	0.07425	0.07452	0.11999	0.12065	0.13259	0.19240	0.19341	0.20755	
50.0 	180.0 	50.0	0.0256 	0.6572 	0.1637 	0.1535 	0.8107 	0.3621	0.03679	0.03692	0.03864	0.03879	0.07203	0.07228	0.07408	0.07436	0.11978	0.12045	0.13243	0.19204	0.19306	0.20726	
51.0 	180.0 	50.0	0.0255 	0.6556 	0.1658 	0.1531 	0.8086 	0.3639	0.03671	0.03684	0.03856	0.03871	0.07186	0.07211	0.07392	0.07419	0.11956	0.12024	0.13226	0.19168	0.19269	0.20695	
52.0 	180.0 	50.0	0.0255 	0.6538 	0.1680 	0.1527 	0.8065 	0.3658	0.03662	0.03675	0.03847	0.03862	0.07168	0.07193	0.07374	0.07402	0.11934	0.12002	0.13209	0.19130	0.19231	0.20663	
53.0 	180.0 	50.0	0.0255 	0.6520 	0.1703 	0.1522 	0.8042 	0.3678	0.03653	0.03666	0.03838	0.03853	0.07149	0.07174	0.07356	0.07384	0.11912	0.11980	0.13192	0.19090	0.19192	0.20631	
54.0 	180.0 	50.0	0.0255 	0.6501 	0.1726 	0.1518 	0.8019 	0.3698	0.03643	0.03656	0.03829	0.03844	0.07129	0.07154	0.07337	0.07365	0.11888	0.11956	0.13174	0.19049	0.19151	0.20597	
55.0 	180.0 	50.0	0.0255 	0.6481 	0.1751 	0.1513 	0.7994 	0.3718	0.03633	0.03646	0.03820	0.03835	0.07109	0.07134	0.07317	0.07345	0.11864	0.11932	0.13156	0.19007	0.19109	0.20563	
56.0 	180.0 	50.0	0.0255 	0.6460 	0.1777 	0.1508 	0.7968 	0.3739	0.03622	0.03635	0.03810	0.03825	0.07087	0.07112	0.07297	0.07324	0.11839	0.11908	0.13138	0.18963	0.19065	0.20527	
57.0 	180.0 	50.0	0.0255 	0.6438 	0.1803 	0.1503 	0.7941 	0.3761	0.03611	0.03624	0.03800	0.03815	0.07065	0.07090	0.07275	0.07303	0.11813	0.11882	0.13119	0.18916	0.19019	0.20490	
58.0 	180.0 	50.0	0.0255 	0.6415 	0.1832 	0.1498 	0.7913 	0.3783	0.03600	0.03613	0.03789	0.03804	0.07041	0.07066	0.07253	0.07280	0.11786	0.11855	0.13100	0.18868	0.18972	0.20452	
59.0 	180.0 	50.0	0.0256 	0.6391 	0.1861 	0.1492 	0.7883 	0.3806	0.03588	0.03601	0.03778	0.03793	0.07017	0.07041	0.07229	0.07257	0.11758	0.11827	0.13081	0.18818	0.18922	0.20412	
60.0 	180.0 	50.0	0.0256 	0.6366 	0.1892 	0.1486 	0.7852 	0.3830	0.03575	0.03588	0.03766	0.03782	0.06991	0.07015	0.07204	0.07232	0.11729	0.11798	0.13061	0.18765	0.18869	0.20371	
61.0 	180.0 	50.0	0.0257 	0.6339 	0.1925 	0.1480 	0.7819 	0.3854	0.03562	0.03575	0.03754	0.03769	0.06963	0.06988	0.07178	0.07206	0.11698	0.11768	0.13040	0.18710	0.18815	0.20327	
62.0 	180.0 	50.0	0.0257 	0.6310 	0.1959 	0.1473 	0.7784 	0.3879	0.03548	0.03561	0.03741	0.03757	0.06934	0.06959	0.07151	0.07178	0.11666	0.11737	0.13018	0.18652	0.18757	0.20282	
63.0 	180.0 	50.0	0.0258 	0.6280 	0.1996 	0.1466 	0.7746 	0.3905	0.03533	0.03546	0.03728	0.03743	0.06904	0.06928	0.07122	0.07149	0.11632	0.11703	0.12996	0.18591	0.18696	0.20235	
64.0 	180.0 	50.0	0.0259 	0.6248 	0.2035 	0.1459 	0.7707 	0.3932	0.03517	0.03530	0.03713	0.03729	0.06871	0.06896	0.07091	0.07118	0.11597	0.11668	0.12974	0.18526	0.18632	0.20186	
65.0 	180.0 	50.0	0.0260 	0.6213 	0.2076 	0.1451 	0.7664 	0.3960	0.03501	0.03514	0.03698	0.03714	0.06836	0.06861	0.07058	0.07085	0.11559	0.11632	0.12950	0.18457	0.18564	0.20133	
66.0 	180.0 	50.0	0.0262 	0.6172 	0.2125 	0.1441 	0.7613 	0.3986	0.03481	0.03493	0.03680	0.03696	0.06794	0.06819	0.07019	0.07046	0.11516	0.11589	0.12925	0.18376	0.18483	0.20074	
67.0 	180.0 	50.0	0.0265 	0.6123 	0.2183 	0.1430 	0.7552 	0.4011	0.03457	0.03470	0.03660	0.03675	0.06745	0.06770	0.06973	0.07000	0.11467	0.11541	0.12898	0.18283	0.18390	0.20006	
68.0 	180.0 	50.0	0.0268 	0.6066 	0.2249 	0.1416 	0.7483 	0.4036	0.03431	0.03443	0.03637	0.03652	0.06689	0.06714	0.06921	0.06948	0.11413	0.11487	0.12869	0.18177	0.18285	0.19931	
70.0 	180.0 	50.0	0.0277 	0.5931 	0.2407 	0.1385 	0.7316 	0.4085	0.03367	0.03380	0.03582	0.03598	0.06555	0.06579	0.06797	0.06824	0.11284	0.11360	0.12806	0.17926	0.18036	0.19756	
