 0.0 	 0.0 	25.0	0.1114 	0.7123 	0.0355 	0.1408 	0.8531 	0.6354	0.04343	0.04415	0.04969	0.05045	0.08110	0.08252	0.08767	0.08914	0.16830	0.17105	0.20363	0.25172	0.25616	0.29112	
 5.0 	 0.0 	25.0	0.1223 	0.7098 	0.0355 	0.1324 	0.8423 	0.6839	0.04384	0.04455	0.05066	0.05143	0.08134	0.08274	0.08847	0.08992	0.17191	0.17470	0.21004	0.25475	0.25920	0.29684	
10.0 	 0.0 	25.0	0.1323 	0.7122 	0.0326 	0.1229 	0.8351 	0.7097	0.04445	0.04517	0.05180	0.05258	0.08205	0.08344	0.08970	0.09116	0.17624	0.17911	0.21706	0.25916	0.26370	0.30391	
20.0 	 0.0 	25.0	0.1572 	0.7352 	0.0216 	0.0860 	0.8212 	0.7402	0.04687	0.04763	0.05556	0.05643	0.08559	0.08701	0.09457	0.09612	0.19055	0.19389	0.23857	0.27573	0.28073	0.32774	
21.0 	 0.0 	25.0	0.1607 	0.7411 	0.0196 	0.0786 	0.8197 	0.7425	0.04735	0.04811	0.05622	0.05711	0.08636	0.08778	0.09552	0.09709	0.19307	0.19651	0.24217	0.27885	0.28396	0.33196	
22.0 	 0.0 	25.0	0.1646 	0.7487 	0.0173 	0.0694 	0.8181 	0.7445	0.04793	0.04871	0.05702	0.05794	0.08732	0.08876	0.09670	0.09830	0.19613	0.19970	0.24647	0.28269	0.28793	0.33706	
23.0 	 0.0 	25.0	0.1693 	0.7592 	0.0142 	0.0573 	0.8165 	0.7465	0.04870	0.04950	0.05804	0.05900	0.08862	0.09007	0.09825	0.09988	0.20004	0.20378	0.25190	0.28768	0.29310	0.34360	
24.0 	 0.0 	25.0	0.1754 	0.7753 	0.0098 	0.0396 	0.8148 	0.7483	0.04983	0.05065	0.05950	0.06052	0.09054	0.09202	0.10051	0.10220	0.20560	0.20961	0.25950	0.29488	0.30058	0.35288	
25.0 	 0.0 	25.0	0.1869 	0.8131 	0.0000 	0.0000 	0.8131 	0.7500	0.05234	0.05323	0.06264	0.06380	0.09494	0.09649	0.10554	0.10738	0.21764	0.22228	0.27562	0.31080	0.31718	0.37297	
26.0 	 0.0 	25.0	0.1759 	0.7746 	0.0128 	0.0368 	0.8114 	0.7515	0.04981	0.05064	0.05952	0.06053	0.09049	0.09197	0.10049	0.10217	0.20574	0.20976	0.25987	0.29494	0.30065	0.35318	
27.0 	 0.0 	25.0	0.1707 	0.7572 	0.0197 	0.0524 	0.8096 	0.7529	0.04867	0.04946	0.05810	0.05906	0.08847	0.08992	0.09820	0.09982	0.20041	0.20417	0.25284	0.28783	0.29326	0.34433	
28.0 	 0.0 	25.0	0.1672 	0.7450 	0.0251 	0.0627 	0.8077 	0.7542	0.04788	0.04865	0.05712	0.05804	0.08707	0.08849	0.09660	0.09819	0.19677	0.20036	0.24807	0.28293	0.28819	0.33830	
29.0 	 0.0 	25.0	0.1646 	0.7355 	0.0296 	0.0703 	0.8058 	0.7554	0.04726	0.04802	0.05637	0.05726	0.08597	0.08738	0.09538	0.09693	0.19401	0.19748	0.24449	0.27920	0.28432	0.33374	
30.0 	 0.0 	25.0	0.1627 	0.7276 	0.0335 	0.0762 	0.8038 	0.7565	0.04676	0.04751	0.05576	0.05663	0.08507	0.08647	0.09437	0.09590	0.19180	0.19518	0.24167	0.27618	0.28120	0.33011	
31.0 	 0.0 	25.0	0.1611 	0.7208 	0.0372 	0.0809 	0.8017 	0.7576	0.04634	0.04707	0.05525	0.05610	0.08431	0.08569	0.09352	0.09503	0.18998	0.19328	0.23938	0.27366	0.27860	0.32711	
32.0 	 0.0 	25.0	0.1598 	0.7147 	0.0406 	0.0849 	0.7996 	0.7586	0.04597	0.04669	0.05482	0.05566	0.08363	0.08500	0.09278	0.09427	0.18844	0.19167	0.23746	0.27150	0.27636	0.32458	
33.0 	 0.0 	25.0	0.1589 	0.7092 	0.0438 	0.0881 	0.7974 	0.7596	0.04564	0.04636	0.05444	0.05526	0.08302	0.08438	0.09213	0.09360	0.18711	0.19028	0.23585	0.26961	0.27441	0.32241	
34.0 	 0.0 	25.0	0.1581 	0.7041 	0.0468 	0.0909 	0.7951 	0.7605	0.04534	0.04605	0.05411	0.05492	0.08246	0.08382	0.09154	0.09300	0.18594	0.18908	0.23447	0.26793	0.27268	0.32052	
35.0 	 0.0 	25.0	0.1575 	0.6993 	0.0498 	0.0933 	0.7927 	0.7614	0.04507	0.04578	0.05381	0.05461	0.08195	0.08329	0.09099	0.09244	0.18492	0.18801	0.23330	0.26642	0.27112	0.31886	
36.0 	 0.0 	25.0	0.1571 	0.6948 	0.0528 	0.0954 	0.7901 	0.7622	0.04482	0.04552	0.05354	0.05433	0.08147	0.08280	0.09049	0.09193	0.18401	0.18706	0.23228	0.26504	0.26970	0.31739	
37.0 	 0.0 	25.0	0.1568 	0.6904 	0.0557 	0.0971 	0.7875 	0.7630	0.04458	0.04528	0.05329	0.05407	0.08101	0.08234	0.09002	0.09145	0.18319	0.18622	0.23141	0.26378	0.26841	0.31608	
38.0 	 0.0 	25.0	0.1567 	0.6861 	0.0585 	0.0987 	0.7848 	0.7638	0.04436	0.04505	0.05307	0.05384	0.08057	0.08189	0.08958	0.09100	0.18246	0.18546	0.23067	0.26262	0.26721	0.31492	
39.0 	 0.0 	25.0	0.1567 	0.6820 	0.0614 	0.1000 	0.7820 	0.7646	0.04415	0.04483	0.05286	0.05363	0.08014	0.08146	0.08916	0.09057	0.18180	0.18477	0.23003	0.26154	0.26610	0.31388	
40.0 	 0.0 	25.0	0.1568 	0.6778 	0.0642 	0.1011 	0.7790 	0.7653	0.04395	0.04463	0.05267	0.05343	0.07973	0.08104	0.08876	0.09016	0.18121	0.18415	0.22950	0.26053	0.26507	0.31294	
41.0 	 0.0 	25.0	0.1570 	0.6738 	0.0671 	0.1021 	0.7759 	0.7660	0.04375	0.04443	0.05249	0.05324	0.07933	0.08063	0.08838	0.08977	0.18067	0.18359	0.22906	0.25959	0.26409	0.31211	
42.0 	 0.0 	25.0	0.1574 	0.6697 	0.0700 	0.1030 	0.7727 	0.7667	0.04356	0.04424	0.05232	0.05307	0.07893	0.08023	0.08801	0.08939	0.18018	0.18309	0.22871	0.25869	0.26318	0.31136	
43.0 	 0.0 	25.0	0.1578 	0.6656 	0.0729 	0.1037 	0.7693 	0.7673	0.04338	0.04405	0.05217	0.05291	0.07854	0.07983	0.08764	0.08902	0.17974	0.18263	0.22844	0.25784	0.26231	0.31070	
44.0 	 0.0 	25.0	0.1584 	0.6615 	0.0759 	0.1043 	0.7657 	0.7680	0.04320	0.04387	0.05202	0.05276	0.07815	0.07943	0.08729	0.08866	0.17934	0.18222	0.22824	0.25704	0.26148	0.31011	
45.0 	 0.0 	25.0	0.1590 	0.6573 	0.0789 	0.1047 	0.7620 	0.7686	0.04302	0.04369	0.05189	0.05262	0.07776	0.07903	0.08694	0.08830	0.17899	0.18185	0.22812	0.25627	0.26069	0.30959	
46.0 	 0.0 	25.0	0.1598 	0.6531 	0.0820 	0.1051 	0.7582 	0.7692	0.04285	0.04351	0.05176	0.05249	0.07736	0.07863	0.08660	0.08795	0.17867	0.18152	0.22808	0.25553	0.25993	0.30914	
47.0 	 0.0 	25.0	0.1607 	0.6487 	0.0852 	0.1054 	0.7541 	0.7698	0.04268	0.04333	0.05164	0.05237	0.07697	0.07823	0.08626	0.08761	0.17839	0.18122	0.22810	0.25482	0.25921	0.30876	
48.0 	 0.0 	25.0	0.1617 	0.6443 	0.0884 	0.1056 	0.7499 	0.7704	0.04250	0.04315	0.05153	0.05225	0.07657	0.07783	0.08592	0.08726	0.17815	0.18097	0.22819	0.25414	0.25851	0.30844	
49.0 	 0.0 	25.0	0.1628 	0.6398 	0.0918 	0.1056 	0.7454 	0.7710	0.04233	0.04298	0.05142	0.05214	0.07617	0.07742	0.08559	0.08692	0.17794	0.18075	0.22836	0.25349	0.25784	0.30818	
50.0 	 0.0 	25.0	0.1641 	0.6351 	0.0952 	0.1056 	0.7408 	0.7716	0.04216	0.04280	0.05132	0.05204	0.07575	0.07700	0.08525	0.08658	0.17776	0.18056	0.22859	0.25285	0.25719	0.30797	
51.0 	 0.0 	25.0	0.1654 	0.6303 	0.0987 	0.1055 	0.7359 	0.7721	0.04199	0.04263	0.05123	0.05194	0.07533	0.07657	0.08492	0.08623	0.17762	0.18040	0.22889	0.25223	0.25655	0.30783	
52.0 	 0.0 	25.0	0.1669 	0.6254 	0.1024 	0.1053 	0.7307 	0.7726	0.04181	0.04245	0.05115	0.05185	0.07491	0.07613	0.08458	0.08588	0.17750	0.18028	0.22927	0.25163	0.25594	0.30775	
53.0 	 0.0 	25.0	0.1686 	0.6202 	0.1061 	0.1051 	0.7253 	0.7731	0.04164	0.04227	0.05106	0.05176	0.07447	0.07569	0.08424	0.08553	0.17742	0.18019	0.22972	0.25105	0.25534	0.30772	
54.0 	 0.0 	25.0	0.1703 	0.6149 	0.1100 	0.1047 	0.7196 	0.7736	0.04146	0.04209	0.05099	0.05168	0.07401	0.07523	0.08389	0.08518	0.17737	0.18014	0.23024	0.25047	0.25475	0.30775	
55.0 	 0.0 	25.0	0.1723 	0.6094 	0.1141 	0.1043 	0.7136 	0.7740	0.04128	0.04190	0.05092	0.05161	0.07355	0.07475	0.08354	0.08482	0.17735	0.18011	0.23084	0.24991	0.25418	0.30784	
56.0 	 0.0 	25.0	0.1744 	0.6036 	0.1183 	0.1037 	0.7073 	0.7745	0.04110	0.04171	0.05085	0.05154	0.07307	0.07426	0.08318	0.08445	0.17737	0.18012	0.23152	0.24937	0.25362	0.30799	
57.0 	 0.0 	25.0	0.1766 	0.5976 	0.1227 	0.1031 	0.7007 	0.7748	0.04091	0.04152	0.05080	0.05148	0.07257	0.07375	0.08281	0.08408	0.17742	0.18016	0.23229	0.24883	0.25307	0.30821	
58.0 	 0.0 	25.0	0.1790 	0.5914 	0.1273 	0.1024 	0.6937 	0.7751	0.04071	0.04132	0.05074	0.05142	0.07205	0.07323	0.08244	0.08370	0.17750	0.18024	0.23313	0.24829	0.25252	0.30848	
59.0 	 0.0 	25.0	0.1816 	0.5848 	0.1320 	0.1015 	0.6864 	0.7754	0.04052	0.04112	0.05069	0.05136	0.07152	0.07268	0.08206	0.08330	0.17761	0.18035	0.23407	0.24777	0.25199	0.30882	
60.0 	 0.0 	25.0	0.1844 	0.5779 	0.1370 	0.1006 	0.6786 	0.7755	0.04031	0.04091	0.05065	0.05131	0.07096	0.07211	0.08166	0.08290	0.17776	0.18049	0.23511	0.24725	0.25145	0.30923	
61.0 	 0.0 	25.0	0.1874 	0.5708 	0.1422 	0.0996 	0.6704 	0.7755	0.04010	0.04069	0.05061	0.05127	0.07038	0.07152	0.08126	0.08248	0.17795	0.18068	0.23624	0.24673	0.25093	0.30970	
62.0 	 0.0 	25.0	0.1906 	0.5632 	0.1477 	0.0985 	0.6617 	0.7754	0.03988	0.04047	0.05057	0.05123	0.06977	0.07090	0.08084	0.08205	0.17817	0.18090	0.23747	0.24622	0.25040	0.31024	
63.0 	 0.0 	25.0	0.1940 	0.5553 	0.1534 	0.0973 	0.6526 	0.7751	0.03966	0.04024	0.05054	0.05120	0.06914	0.07026	0.08041	0.08161	0.17843	0.18115	0.23880	0.24571	0.24988	0.31086	
64.0 	 0.0 	25.0	0.1977 	0.5470 	0.1594 	0.0959 	0.6429 	0.7745	0.03943	0.04000	0.05052	0.05117	0.06847	0.06958	0.07996	0.08115	0.17873	0.18145	0.24025	0.24520	0.24936	0.31155	
65.0 	 0.0 	25.0	0.2016 	0.5383 	0.1656 	0.0945 	0.6328 	0.7736	0.03919	0.03975	0.05050	0.05114	0.06778	0.06888	0.07950	0.08067	0.17907	0.18179	0.24181	0.24469	0.24883	0.31232	
66.0 	 0.0 	25.0	0.2062 	0.5283 	0.1728 	0.0927 	0.6210 	0.7752	0.03892	0.03948	0.05049	0.05113	0.06700	0.06808	0.07898	0.08015	0.17954	0.18225	0.24372	0.24418	0.24832	0.31333	
67.0 	 0.0 	25.0	0.2116 	0.5171 	0.1809 	0.0905 	0.6076 	0.7788	0.03863	0.03918	0.05051	0.05113	0.06613	0.06719	0.07842	0.07957	0.18012	0.18283	0.24597	0.24368	0.24780	0.31457	
68.0 	 0.0 	25.0	0.2176 	0.5048 	0.1897 	0.0880 	0.5928 	0.7836	0.03831	0.03885	0.05053	0.05115	0.06517	0.06622	0.07782	0.07895	0.18080	0.18351	0.24851	0.24316	0.24727	0.31600	
70.0 	 0.0 	25.0	0.2313 	0.4769 	0.2096 	0.0822 	0.5591 	0.7954	0.03761	0.03813	0.05060	0.05121	0.06303	0.06403	0.07647	0.07757	0.18244	0.18515	0.25441	0.24210	0.24618	0.31939	
 0.0 	180.0 	25.0	0.1114 	0.7123 	0.0355 	0.1408 	0.8531 	0.6354	0.04343	0.04415	0.04969	0.05045	0.08110	0.08252	0.08767	0.08914	0.16830	0.17104	0.20363	0.25172	0.25616	0.29112	
 5.0 	180.0 	25.0	0.1099 	0.7009 	0.0478 	0.1414 	0.8423 	0.6839	0.04276	0.04346	0.04894	0.04968	0.07982	0.08120	0.08630	0.08773	0.16556	0.16824	0.20051	0.24747	0.25181	0.28636	
10.0 	180.0 	25.0	0.1074 	0.6925 	0.0575 	0.1426 	0.8351 	0.7097	0.04219	0.04288	0.04825	0.04897	0.07881	0.08017	0.08516	0.08656	0.16313	0.16576	0.19750	0.24402	0.24828	0.28227	
20.0 	180.0 	25.0	0.1032 	0.6768 	0.0756 	0.1444 	0.8212 	0.7402	0.04118	0.04185	0.04704	0.04774	0.07698	0.07831	0.08313	0.08450	0.15907	0.16164	0.19263	0.23824	0.24241	0.27567	
21.0 	180.0 	25.0	0.1029 	0.6752 	0.0774 	0.1445 	0.8197 	0.7425	0.04108	0.04175	0.04693	0.04763	0.07680	0.07813	0.08293	0.08430	0.15872	0.16128	0.19224	0.23772	0.24188	0.27511	
22.0 	180.0 	25.0	0.1026 	0.6735 	0.0793 	0.1446 	0.8181 	0.7445	0.04099	0.04165	0.04682	0.04752	0.07662	0.07794	0.08274	0.08410	0.15837	0.16093	0.19186	0.23720	0.24135	0.27456	
23.0 	180.0 	25.0	0.1023 	0.6718 	0.0812 	0.1446 	0.8165 	0.7465	0.04089	0.04155	0.04671	0.04741	0.07643	0.07775	0.08254	0.08391	0.15803	0.16058	0.19149	0.23668	0.24083	0.27402	
24.0 	180.0 	25.0	0.1021 	0.6701 	0.0831 	0.1447 	0.8148 	0.7483	0.04079	0.04145	0.04660	0.04730	0.07624	0.07756	0.08235	0.08371	0.15770	0.16025	0.19114	0.23617	0.24032	0.27350	
25.0 	180.0 	25.0	0.1019 	0.6684 	0.0850 	0.1447 	0.8131 	0.7500	0.04069	0.04135	0.04649	0.04719	0.07606	0.07737	0.08215	0.08351	0.15737	0.15992	0.19080	0.23567	0.23981	0.27299	
26.0 	180.0 	25.0	0.1017 	0.6666 	0.0869 	0.1447 	0.8114 	0.7515	0.04059	0.04125	0.04639	0.04708	0.07587	0.07718	0.08196	0.08331	0.15705	0.15959	0.19047	0.23517	0.23930	0.27249	
27.0 	180.0 	25.0	0.1015 	0.6649 	0.0889 	0.1447 	0.8096 	0.7529	0.04049	0.04115	0.04628	0.04698	0.07568	0.07699	0.08176	0.08311	0.15674	0.15928	0.19016	0.23467	0.23880	0.27200	
28.0 	180.0 	25.0	0.1014 	0.6630 	0.0909 	0.1447 	0.8077 	0.7542	0.04040	0.04105	0.04618	0.04687	0.07548	0.07679	0.08157	0.08291	0.15643	0.15897	0.18987	0.23418	0.23830	0.27152	
29.0 	180.0 	25.0	0.1013 	0.6612 	0.0929 	0.1446 	0.8058 	0.7554	0.04030	0.04095	0.04608	0.04677	0.07529	0.07659	0.08137	0.08271	0.15613	0.15866	0.18959	0.23369	0.23781	0.27106	
30.0 	180.0 	25.0	0.1012 	0.6593 	0.0950 	0.1446 	0.8038 	0.7565	0.04019	0.04085	0.04598	0.04667	0.07509	0.07639	0.08117	0.08251	0.15583	0.15837	0.18932	0.23320	0.23731	0.27061	
31.0 	180.0 	25.0	0.1011 	0.6573 	0.0971 	0.1445 	0.8017 	0.7576	0.04009	0.04075	0.04588	0.04656	0.07488	0.07618	0.08097	0.08231	0.15555	0.15808	0.18908	0.23271	0.23682	0.27018	
32.0 	180.0 	25.0	0.1011 	0.6553 	0.0993 	0.1443 	0.7996 	0.7586	0.03999	0.04064	0.04578	0.04646	0.07468	0.07597	0.08076	0.08210	0.15527	0.15779	0.18885	0.23223	0.23633	0.26975	
33.0 	180.0 	25.0	0.1011 	0.6532 	0.1015 	0.1442 	0.7974 	0.7596	0.03989	0.04054	0.04568	0.04636	0.07446	0.07575	0.08056	0.08189	0.15499	0.15752	0.18863	0.23174	0.23585	0.26934	
34.0 	180.0 	25.0	0.1012 	0.6510 	0.1038 	0.1440 	0.7951 	0.7605	0.03978	0.04043	0.04558	0.04626	0.07425	0.07553	0.08035	0.08168	0.15472	0.15724	0.18844	0.23126	0.23536	0.26894	
35.0 	180.0 	25.0	0.1013 	0.6488 	0.1061 	0.1439 	0.7927 	0.7614	0.03967	0.04032	0.04548	0.04616	0.07402	0.07531	0.08014	0.08146	0.15446	0.15698	0.18826	0.23078	0.23487	0.26856	
36.0 	180.0 	25.0	0.1014 	0.6465 	0.1085 	0.1436 	0.7901 	0.7622	0.03956	0.04021	0.04538	0.04606	0.07380	0.07508	0.07992	0.08125	0.15420	0.15672	0.18810	0.23029	0.23438	0.26818	
37.0 	180.0 	25.0	0.1016 	0.6441 	0.1109 	0.1434 	0.7875 	0.7630	0.03945	0.04010	0.04529	0.04597	0.07356	0.07484	0.07970	0.08102	0.15395	0.15647	0.18796	0.22980	0.23389	0.26782	
38.0 	180.0 	25.0	0.1018 	0.6417 	0.1134 	0.1431 	0.7848 	0.7638	0.03934	0.03998	0.04519	0.04587	0.07332	0.07460	0.07948	0.08080	0.15370	0.15622	0.18784	0.22931	0.23339	0.26747	
39.0 	180.0 	25.0	0.1020 	0.6391 	0.1160 	0.1428 	0.7820 	0.7646	0.03922	0.03986	0.04509	0.04577	0.07308	0.07435	0.07925	0.08057	0.15346	0.15598	0.18774	0.22882	0.23290	0.26713	
40.0 	180.0 	25.0	0.1023 	0.6365 	0.1187 	0.1425 	0.7790 	0.7653	0.03911	0.03974	0.04499	0.04567	0.07282	0.07409	0.07902	0.08033	0.15322	0.15574	0.18765	0.22832	0.23240	0.26680	
41.0 	180.0 	25.0	0.1026 	0.6338 	0.1215 	0.1421 	0.7759 	0.7660	0.03898	0.03962	0.04490	0.04557	0.07256	0.07382	0.07879	0.08009	0.15299	0.15551	0.18759	0.22782	0.23189	0.26648	
42.0 	180.0 	25.0	0.1030 	0.6309 	0.1243 	0.1417 	0.7727 	0.7667	0.03886	0.03950	0.04480	0.04547	0.07229	0.07355	0.07854	0.07985	0.15277	0.15528	0.18755	0.22732	0.23139	0.26618	
43.0 	180.0 	25.0	0.1035 	0.6280 	0.1273 	0.1413 	0.7693 	0.7673	0.03873	0.03937	0.04470	0.04537	0.07201	0.07326	0.07829	0.07959	0.15255	0.15506	0.18753	0.22681	0.23087	0.26589	
44.0 	180.0 	25.0	0.1039 	0.6249 	0.1303 	0.1408 	0.7657 	0.7680	0.03860	0.03924	0.04460	0.04527	0.07172	0.07297	0.07804	0.07933	0.15233	0.15485	0.18753	0.22629	0.23035	0.26560	
45.0 	180.0 	25.0	0.1045 	0.6217 	0.1335 	0.1403 	0.7620 	0.7686	0.03847	0.03910	0.04450	0.04517	0.07142	0.07267	0.07778	0.07907	0.15212	0.15463	0.18755	0.22576	0.22982	0.26533	
46.0 	180.0 	25.0	0.1051 	0.6184 	0.1368 	0.1398 	0.7582 	0.7692	0.03833	0.03896	0.04440	0.04507	0.07111	0.07235	0.07751	0.07879	0.15191	0.15443	0.18759	0.22523	0.22928	0.26507	
47.0 	180.0 	25.0	0.1057 	0.6149 	0.1402 	0.1392 	0.7541 	0.7698	0.03819	0.03881	0.04430	0.04497	0.07079	0.07202	0.07723	0.07851	0.15171	0.15422	0.18766	0.22469	0.22874	0.26482	
48.0 	180.0 	25.0	0.1064 	0.6113 	0.1437 	0.1386 	0.7499 	0.7704	0.03804	0.03867	0.04420	0.04486	0.07046	0.07169	0.07694	0.07822	0.15151	0.15402	0.18775	0.22413	0.22818	0.26458	
49.0 	180.0 	25.0	0.1072 	0.6075 	0.1474 	0.1379 	0.7454 	0.7710	0.03789	0.03851	0.04410	0.04476	0.07011	0.07133	0.07665	0.07792	0.15131	0.15383	0.18787	0.22357	0.22761	0.26435	
50.0 	180.0 	25.0	0.1080 	0.6036 	0.1513 	0.1372 	0.7408 	0.7716	0.03774	0.03835	0.04399	0.04465	0.06975	0.07097	0.07634	0.07761	0.15112	0.15364	0.18801	0.22299	0.22703	0.26414	
51.0 	180.0 	25.0	0.1089 	0.5994 	0.1553 	0.1364 	0.7359 	0.7721	0.03757	0.03819	0.04389	0.04454	0.06937	0.07058	0.07603	0.07729	0.15093	0.15345	0.18817	0.22240	0.22643	0.26393	
52.0 	180.0 	25.0	0.1098 	0.5951 	0.1594 	0.1356 	0.7307 	0.7726	0.03740	0.03802	0.04378	0.04443	0.06898	0.07019	0.07570	0.07695	0.15074	0.15326	0.18837	0.22179	0.22582	0.26373	
53.0 	180.0 	25.0	0.1109 	0.5906 	0.1638 	0.1347 	0.7253 	0.7731	0.03723	0.03784	0.04367	0.04432	0.06857	0.06977	0.07536	0.07660	0.15055	0.15308	0.18859	0.22116	0.22519	0.26354	
54.0 	180.0 	25.0	0.1120 	0.5858 	0.1684 	0.1338 	0.7196 	0.7736	0.03705	0.03765	0.04355	0.04420	0.06815	0.06933	0.07500	0.07624	0.15037	0.15290	0.18884	0.22052	0.22455	0.26336	
55.0 	180.0 	25.0	0.1132 	0.5809 	0.1732 	0.1328 	0.7136 	0.7740	0.03686	0.03746	0.04344	0.04409	0.06770	0.06888	0.07463	0.07587	0.15019	0.15272	0.18912	0.21985	0.22388	0.26319	
56.0 	180.0 	25.0	0.1145 	0.5756 	0.1782 	0.1317 	0.7073 	0.7745	0.03666	0.03726	0.04332	0.04396	0.06723	0.06840	0.07424	0.07547	0.15001	0.15254	0.18944	0.21917	0.22319	0.26303	
57.0 	180.0 	25.0	0.1158 	0.5701 	0.1835 	0.1306 	0.7007 	0.7748	0.03645	0.03705	0.04320	0.04384	0.06674	0.06791	0.07384	0.07507	0.14983	0.15237	0.18978	0.21845	0.22247	0.26288	
58.0 	180.0 	25.0	0.1173 	0.5644 	0.1890 	0.1293 	0.6937 	0.7751	0.03624	0.03683	0.04307	0.04371	0.06623	0.06738	0.07342	0.07464	0.14966	0.15219	0.19016	0.21771	0.22173	0.26274	
59.0 	180.0 	25.0	0.1189 	0.5583 	0.1948 	0.1280 	0.6864 	0.7754	0.03601	0.03660	0.04294	0.04358	0.06569	0.06683	0.07298	0.07419	0.14948	0.15202	0.19057	0.21694	0.22095	0.26261	
60.0 	180.0 	25.0	0.1205 	0.5519 	0.2009 	0.1267 	0.6786 	0.7755	0.03577	0.03636	0.04280	0.04344	0.06512	0.06626	0.07252	0.07372	0.14930	0.15184	0.19102	0.21614	0.22015	0.26248	
61.0 	180.0 	25.0	0.1223 	0.5452 	0.2073 	0.1252 	0.6704 	0.7755	0.03553	0.03610	0.04266	0.04329	0.06452	0.06565	0.07204	0.07323	0.14912	0.15166	0.19151	0.21531	0.21931	0.26236	
62.0 	180.0 	25.0	0.1242 	0.5381 	0.2141 	0.1236 	0.6617 	0.7754	0.03526	0.03584	0.04252	0.04314	0.06389	0.06501	0.07153	0.07271	0.14893	0.15148	0.19203	0.21444	0.21844	0.26225	
63.0 	180.0 	25.0	0.1262 	0.5306 	0.2213 	0.1219 	0.6526 	0.7751	0.03499	0.03556	0.04236	0.04299	0.06323	0.06434	0.07100	0.07217	0.14875	0.15130	0.19260	0.21353	0.21752	0.26214	
64.0 	180.0 	25.0	0.1283 	0.5228 	0.2288 	0.1202 	0.6429 	0.7745	0.03470	0.03526	0.04221	0.04283	0.06254	0.06363	0.07044	0.07160	0.14856	0.15112	0.19320	0.21258	0.21657	0.26204	
65.0 	180.0 	25.0	0.1305 	0.5145 	0.2367 	0.1183 	0.6328 	0.7736	0.03440	0.03496	0.04204	0.04266	0.06181	0.06289	0.06985	0.07100	0.14836	0.15093	0.19385	0.21158	0.21556	0.26194	
66.0 	180.0 	25.0	0.1332 	0.5049 	0.2458 	0.1161 	0.6210 	0.7752	0.03405	0.03460	0.04186	0.04247	0.06097	0.06203	0.06918	0.07032	0.14818	0.15075	0.19466	0.21046	0.21445	0.26189	
67.0 	180.0 	25.0	0.1364 	0.4940 	0.2561 	0.1135 	0.6076 	0.7788	0.03367	0.03421	0.04166	0.04227	0.06001	0.06106	0.06842	0.06955	0.14800	0.15058	0.19564	0.20923	0.21320	0.26189	
68.0 	180.0 	25.0	0.1399 	0.4820 	0.2674 	0.1108 	0.5928 	0.7836	0.03324	0.03377	0.04144	0.04205	0.05896	0.06000	0.06759	0.06870	0.14782	0.15040	0.19674	0.20788	0.21185	0.26191	
70.0 	180.0 	25.0	0.1479 	0.4546 	0.2930 	0.1045 	0.5591 	0.7954	0.03227	0.03279	0.04096	0.04155	0.05658	0.05757	0.06571	0.06679	0.14741	0.15001	0.19925	0.20482	0.20877	0.26197	
 0.0 	 0.0 	35.0	0.0845 	0.6856 	0.0624 	0.1675 	0.8531 	0.6354	0.04074	0.04120	0.04558	0.04608	0.07706	0.07798	0.08218	0.08314	0.15065	0.15248	0.17891	0.22908	0.23204	0.26101	
 5.0 	 0.0 	35.0	0.0939 	0.6803 	0.0638 	0.1620 	0.8423 	0.6839	0.04093	0.04138	0.04627	0.04676	0.07695	0.07785	0.08256	0.08350	0.15330	0.15515	0.18400	0.23095	0.23390	0.26525	
10.0 	 0.0 	35.0	0.1027 	0.6786 	0.0621 	0.1565 	0.8351 	0.7097	0.04128	0.04174	0.04709	0.04758	0.07720	0.07809	0.08327	0.08421	0.15648	0.15836	0.18952	0.23386	0.23683	0.27048	
20.0 	 0.0 	35.0	0.1237 	0.6803 	0.0551 	0.1409 	0.8212 	0.7402	0.04243	0.04289	0.04935	0.04987	0.07840	0.07929	0.08559	0.08654	0.16523	0.16726	0.20395	0.24274	0.24586	0.28508	
21.0 	 0.0 	35.0	0.1262 	0.6810 	0.0541 	0.1387 	0.8197 	0.7425	0.04259	0.04305	0.04964	0.05017	0.07859	0.07948	0.08592	0.08687	0.16638	0.16844	0.20580	0.24396	0.24710	0.28700	
22.0 	 0.0 	35.0	0.1288 	0.6818 	0.0531 	0.1363 	0.8181 	0.7445	0.04276	0.04323	0.04996	0.05049	0.07881	0.07970	0.08627	0.08723	0.16761	0.16969	0.20775	0.24527	0.24845	0.28906	
23.0 	 0.0 	35.0	0.1316 	0.6829 	0.0519 	0.1336 	0.8165 	0.7465	0.04296	0.04342	0.05030	0.05083	0.07905	0.07994	0.08666	0.08763	0.16892	0.17104	0.20983	0.24670	0.24990	0.29126	
24.0 	 0.0 	35.0	0.1345 	0.6841 	0.0507 	0.1307 	0.8148 	0.7483	0.04317	0.04364	0.05067	0.05121	0.07932	0.08021	0.08709	0.08806	0.17034	0.17249	0.21206	0.24825	0.25149	0.29363	
25.0 	 0.0 	35.0	0.1376 	0.6857 	0.0493 	0.1274 	0.8131 	0.7500	0.04340	0.04387	0.05106	0.05161	0.07963	0.08052	0.08756	0.08854	0.17188	0.17407	0.21447	0.24995	0.25323	0.29621	
26.0 	 0.0 	35.0	0.1408 	0.6876 	0.0478 	0.1238 	0.8114 	0.7515	0.04366	0.04414	0.05150	0.05206	0.07998	0.08088	0.08809	0.08908	0.17356	0.17580	0.21708	0.25183	0.25516	0.29903	
27.0 	 0.0 	35.0	0.1443 	0.6899 	0.0461 	0.1197 	0.8096 	0.7529	0.04396	0.04444	0.05198	0.05255	0.08039	0.08130	0.08869	0.08969	0.17542	0.17771	0.21994	0.25394	0.25732	0.30215	
28.0 	 0.0 	35.0	0.1481 	0.6928 	0.0442 	0.1149 	0.8077 	0.7542	0.04430	0.04478	0.05252	0.05311	0.08087	0.08178	0.08937	0.09038	0.17751	0.17986	0.22311	0.25633	0.25977	0.30564	
29.0 	 0.0 	35.0	0.1523 	0.6964 	0.0419 	0.1094 	0.8058 	0.7554	0.04469	0.04519	0.05314	0.05374	0.08145	0.08236	0.09017	0.09119	0.17988	0.18230	0.22668	0.25908	0.26260	0.30961	
30.0 	 0.0 	35.0	0.1569 	0.7010 	0.0393 	0.1028 	0.8038 	0.7565	0.04516	0.04566	0.05386	0.05447	0.08214	0.08306	0.09111	0.09215	0.18263	0.18515	0.23079	0.26230	0.26592	0.31421	
31.0 	 0.0 	35.0	0.1622 	0.7070 	0.0361 	0.0948 	0.8017 	0.7576	0.04573	0.04625	0.05471	0.05535	0.08301	0.08394	0.09226	0.09333	0.18591	0.18854	0.23562	0.26620	0.26994	0.31969	
32.0 	 0.0 	35.0	0.1684 	0.7151 	0.0320 	0.0845 	0.7996 	0.7586	0.04645	0.04699	0.05577	0.05644	0.08413	0.08508	0.09372	0.09482	0.18996	0.19274	0.24152	0.27109	0.27498	0.32646	
33.0 	 0.0 	35.0	0.1760 	0.7266 	0.0266 	0.0707 	0.7974 	0.7596	0.04743	0.04798	0.05715	0.05787	0.08568	0.08665	0.09569	0.09683	0.19528	0.19826	0.24917	0.27760	0.28171	0.33533	
34.0 	 0.0 	35.0	0.1864 	0.7451 	0.0185 	0.0500 	0.7951 	0.7605	0.04890	0.04949	0.05918	0.05998	0.08807	0.08908	0.09864	0.09986	0.20307	0.20638	0.26021	0.28730	0.29175	0.34832	
35.0 	 0.0 	35.0	0.2073 	0.7927 	0.0000 	0.0000 	0.7927 	0.7614	0.05238	0.05307	0.06381	0.06480	0.09393	0.09504	0.10564	0.10706	0.22094	0.22512	0.28497	0.31005	0.31542	0.37806	
36.0 	 0.0 	35.0	0.1870 	0.7440 	0.0229 	0.0462 	0.7901 	0.7622	0.04887	0.04946	0.05919	0.05999	0.08798	0.08898	0.09859	0.09981	0.20324	0.20657	0.26068	0.28737	0.29183	0.34871	
37.0 	 0.0 	35.0	0.1777 	0.7234 	0.0348 	0.0641 	0.7875 	0.7630	0.04735	0.04791	0.05719	0.05791	0.08543	0.08639	0.09555	0.09669	0.19569	0.19870	0.25030	0.27771	0.28184	0.33621	
38.0 	 0.0 	35.0	0.1715 	0.7093 	0.0437 	0.0755 	0.7848 	0.7638	0.04632	0.04685	0.05583	0.05650	0.08369	0.08463	0.09348	0.09458	0.19064	0.19346	0.24343	0.27124	0.27516	0.32789	
39.0 	 0.0 	35.0	0.1669 	0.6984 	0.0512 	0.0835 	0.7820 	0.7646	0.04554	0.04605	0.05480	0.05545	0.08236	0.08328	0.09191	0.09297	0.18689	0.18956	0.23836	0.26638	0.27015	0.32172	
40.0 	 0.0 	35.0	0.1634 	0.6894 	0.0577 	0.0896 	0.7790 	0.7653	0.04490	0.04540	0.05399	0.05460	0.08126	0.08217	0.09064	0.09167	0.18393	0.18650	0.23441	0.26250	0.26616	0.31686	
41.0 	 0.0 	35.0	0.1606 	0.6816 	0.0635 	0.0943 	0.7759 	0.7660	0.04436	0.04485	0.05331	0.05391	0.08033	0.08122	0.08957	0.09058	0.18151	0.18400	0.23124	0.25930	0.26287	0.31291	
42.0 	 0.0 	35.0	0.1584 	0.6746 	0.0690 	0.0981 	0.7727 	0.7667	0.04390	0.04438	0.05273	0.05331	0.07951	0.08039	0.08864	0.08963	0.17948	0.18191	0.22863	0.25657	0.26007	0.30961	
43.0 	 0.0 	35.0	0.1566 	0.6682 	0.0741 	0.1011 	0.7693 	0.7673	0.04349	0.04396	0.05223	0.05280	0.07877	0.07965	0.08781	0.08879	0.17775	0.18012	0.22646	0.25419	0.25764	0.30680	
44.0 	 0.0 	35.0	0.1552 	0.6622 	0.0790 	0.1036 	0.7657 	0.7680	0.04311	0.04358	0.05179	0.05235	0.07809	0.07896	0.08707	0.08803	0.17625	0.17858	0.22462	0.25209	0.25549	0.30438	
45.0 	 0.0 	35.0	0.1542 	0.6565 	0.0838 	0.1056 	0.7620 	0.7686	0.04277	0.04323	0.05140	0.05195	0.07746	0.07832	0.08638	0.08734	0.17493	0.17722	0.22307	0.25021	0.25356	0.30227	
46.0 	 0.0 	35.0	0.1533 	0.6509 	0.0885 	0.1072 	0.7582 	0.7692	0.04245	0.04291	0.05104	0.05158	0.07686	0.07771	0.08575	0.08670	0.17377	0.17603	0.22175	0.24850	0.25182	0.30043	
47.0 	 0.0 	35.0	0.1528 	0.6456 	0.0931 	0.1086 	0.7541 	0.7698	0.04215	0.04260	0.05072	0.05125	0.07628	0.07713	0.08516	0.08609	0.17274	0.17497	0.22063	0.24694	0.25022	0.29879	
48.0 	 0.0 	35.0	0.1524 	0.6403 	0.0977 	0.1096 	0.7499 	0.7704	0.04187	0.04231	0.05042	0.05095	0.07573	0.07657	0.08459	0.08552	0.17181	0.17402	0.21969	0.24550	0.24875	0.29735	
49.0 	 0.0 	35.0	0.1523 	0.6350 	0.1023 	0.1104 	0.7454 	0.7710	0.04159	0.04204	0.05015	0.05067	0.07519	0.07602	0.08405	0.08497	0.17098	0.17317	0.21890	0.24415	0.24738	0.29607	
50.0 	 0.0 	35.0	0.1523 	0.6297 	0.1069 	0.1110 	0.7408 	0.7716	0.04133	0.04177	0.04990	0.05042	0.07465	0.07548	0.08353	0.08444	0.17024	0.17241	0.21825	0.24289	0.24610	0.29493	
51.0 	 0.0 	35.0	0.1526 	0.6244 	0.1116 	0.1115 	0.7359 	0.7721	0.04107	0.04151	0.04967	0.05018	0.07412	0.07494	0.08303	0.08393	0.16957	0.17172	0.21774	0.24170	0.24489	0.29391	
52.0 	 0.0 	35.0	0.1530 	0.6190 	0.1163 	0.1117 	0.7307 	0.7726	0.04082	0.04126	0.04945	0.04995	0.07360	0.07441	0.08253	0.08343	0.16896	0.17110	0.21734	0.24057	0.24375	0.29302	
53.0 	 0.0 	35.0	0.1536 	0.6135 	0.1211 	0.1118 	0.7253 	0.7731	0.04058	0.04101	0.04924	0.04974	0.07307	0.07387	0.08205	0.08294	0.16842	0.17055	0.21705	0.23950	0.24265	0.29223	
54.0 	 0.0 	35.0	0.1543 	0.6079 	0.1261 	0.1117 	0.7196 	0.7736	0.04033	0.04076	0.04904	0.04954	0.07253	0.07334	0.08157	0.08245	0.16793	0.17005	0.21687	0.23847	0.24161	0.29154	
55.0 	 0.0 	35.0	0.1552 	0.6022 	0.1311 	0.1115 	0.7136 	0.7740	0.04009	0.04051	0.04886	0.04935	0.07199	0.07279	0.08109	0.08197	0.16750	0.16960	0.21680	0.23748	0.24060	0.29094	
56.0 	 0.0 	35.0	0.1563 	0.5962 	0.1363 	0.1111 	0.7073 	0.7745	0.03985	0.04026	0.04869	0.04917	0.07144	0.07223	0.08062	0.08148	0.16711	0.16921	0.21683	0.23652	0.23963	0.29042	
57.0 	 0.0 	35.0	0.1576 	0.5901 	0.1417 	0.1106 	0.7007 	0.7748	0.03960	0.04002	0.04852	0.04901	0.07088	0.07167	0.08014	0.08100	0.16677	0.16886	0.21695	0.23559	0.23869	0.28999	
58.0 	 0.0 	35.0	0.1590 	0.5837 	0.1473 	0.1100 	0.6937 	0.7751	0.03935	0.03977	0.04836	0.04884	0.07031	0.07109	0.07966	0.08051	0.16647	0.16856	0.21718	0.23468	0.23777	0.28964	
59.0 	 0.0 	35.0	0.1606 	0.5771 	0.1530 	0.1092 	0.6864 	0.7754	0.03911	0.03951	0.04821	0.04869	0.06972	0.07049	0.07917	0.08002	0.16622	0.16830	0.21750	0.23379	0.23687	0.28937	
60.0 	 0.0 	35.0	0.1624 	0.5703 	0.1590 	0.1083 	0.6786 	0.7755	0.03885	0.03926	0.04807	0.04854	0.06911	0.06987	0.07867	0.07952	0.16600	0.16808	0.21792	0.23292	0.23599	0.28918	
61.0 	 0.0 	35.0	0.1644 	0.5631 	0.1652 	0.1073 	0.6704 	0.7755	0.03859	0.03899	0.04793	0.04840	0.06848	0.06924	0.07817	0.07901	0.16583	0.16790	0.21844	0.23205	0.23512	0.28906	
62.0 	 0.0 	35.0	0.1666 	0.5556 	0.1716 	0.1061 	0.6617 	0.7754	0.03833	0.03873	0.04779	0.04826	0.06783	0.06858	0.07766	0.07849	0.16569	0.16777	0.21907	0.23120	0.23426	0.28901	
63.0 	 0.0 	35.0	0.1691 	0.5478 	0.1784 	0.1048 	0.6526 	0.7751	0.03806	0.03845	0.04767	0.04813	0.06716	0.06790	0.07713	0.07795	0.16560	0.16767	0.21979	0.23036	0.23341	0.28904	
64.0 	 0.0 	35.0	0.1717 	0.5396 	0.1854 	0.1033 	0.6429 	0.7745	0.03778	0.03817	0.04754	0.04800	0.06645	0.06719	0.07659	0.07740	0.16554	0.16761	0.22062	0.22952	0.23257	0.28914	
65.0 	 0.0 	35.0	0.1745 	0.5310 	0.1927 	0.1017 	0.6328 	0.7736	0.03749	0.03788	0.04742	0.04788	0.06572	0.06645	0.07603	0.07684	0.16552	0.16759	0.22156	0.22868	0.23172	0.28931	
66.0 	 0.0 	35.0	0.1780 	0.5213 	0.2011 	0.0997 	0.6210 	0.7752	0.03718	0.03756	0.04731	0.04777	0.06490	0.06562	0.07542	0.07622	0.16559	0.16767	0.22279	0.22782	0.23086	0.28967	
67.0 	 0.0 	35.0	0.1820 	0.5103 	0.2104 	0.0972 	0.6076 	0.7788	0.03683	0.03721	0.04721	0.04766	0.06399	0.06470	0.07476	0.07555	0.16575	0.16783	0.22430	0.22694	0.22998	0.29022	
68.0 	 0.0 	35.0	0.1866 	0.4984 	0.2206 	0.0944 	0.5928 	0.7836	0.03646	0.03683	0.04710	0.04755	0.06300	0.06370	0.07405	0.07483	0.16598	0.16807	0.22604	0.22603	0.22908	0.29091	
70.0 	 0.0 	35.0	0.1973 	0.4713 	0.2436 	0.0878 	0.5591 	0.7954	0.03565	0.03601	0.04691	0.04735	0.06079	0.06146	0.07247	0.07323	0.16665	0.16877	0.23023	0.22414	0.22719	0.29272	
 0.0 	180.0 	35.0	0.0845 	0.6856 	0.0624 	0.1675 	0.8531 	0.6354	0.04074	0.04120	0.04558	0.04608	0.07706	0.07798	0.08218	0.08314	0.15065	0.15248	0.17891	0.22908	0.23204	0.26101	
 5.0 	180.0 	35.0	0.0824 	0.6756 	0.0753 	0.1667 	0.8423 	0.6839	0.04011	0.04056	0.04486	0.04534	0.07590	0.07679	0.08091	0.08184	0.14811	0.14991	0.17595	0.22528	0.22817	0.25670	
10.0 	180.0 	35.0	0.0796 	0.6684 	0.0852 	0.1667 	0.8351 	0.7097	0.03960	0.04004	0.04421	0.04468	0.07501	0.07589	0.07988	0.08079	0.14588	0.14765	0.17312	0.22221	0.22506	0.25300	
20.0 	180.0 	35.0	0.0749 	0.6549 	0.1039 	0.1663 	0.8212 	0.7402	0.03868	0.03911	0.04306	0.04352	0.07338	0.07424	0.07803	0.07892	0.14210	0.14385	0.16846	0.21699	0.21980	0.24692	
21.0 	180.0 	35.0	0.0745 	0.6535 	0.1058 	0.1662 	0.8197 	0.7425	0.03858	0.03902	0.04295	0.04341	0.07321	0.07407	0.07785	0.07874	0.14177	0.14351	0.16807	0.21651	0.21931	0.24638	
22.0 	180.0 	35.0	0.0742 	0.6520 	0.1077 	0.1661 	0.8181 	0.7445	0.03849	0.03892	0.04285	0.04331	0.07305	0.07390	0.07767	0.07855	0.14144	0.14318	0.16769	0.21603	0.21883	0.24586	
23.0 	180.0 	35.0	0.0739 	0.6505 	0.1096 	0.1660 	0.8165 	0.7465	0.03840	0.03883	0.04274	0.04320	0.07288	0.07373	0.07749	0.07837	0.14111	0.14285	0.16733	0.21555	0.21835	0.24535	
24.0 	180.0 	35.0	0.0736 	0.6490 	0.1116 	0.1658 	0.8148 	0.7483	0.03831	0.03874	0.04264	0.04310	0.07271	0.07356	0.07730	0.07819	0.14079	0.14253	0.16698	0.21508	0.21788	0.24486	
25.0 	180.0 	35.0	0.0733 	0.6475 	0.1136 	0.1657 	0.8131 	0.7500	0.03822	0.03865	0.04254	0.04299	0.07254	0.07338	0.07712	0.07800	0.14048	0.14222	0.16664	0.21461	0.21741	0.24437	
26.0 	180.0 	35.0	0.0730 	0.6459 	0.1156 	0.1655 	0.8114 	0.7515	0.03813	0.03855	0.04243	0.04289	0.07236	0.07321	0.07694	0.07782	0.14017	0.14191	0.16631	0.21415	0.21694	0.24389	
27.0 	180.0 	35.0	0.0728 	0.6443 	0.1176 	0.1653 	0.8096 	0.7529	0.03803	0.03846	0.04233	0.04279	0.07219	0.07303	0.07675	0.07763	0.13986	0.14160	0.16599	0.21369	0.21647	0.24342	
28.0 	180.0 	35.0	0.0726 	0.6426 	0.1197 	0.1651 	0.8077 	0.7542	0.03794	0.03836	0.04223	0.04268	0.07201	0.07285	0.07657	0.07744	0.13956	0.14130	0.16568	0.21322	0.21601	0.24296	
29.0 	180.0 	35.0	0.0724 	0.6410 	0.1218 	0.1648 	0.8058 	0.7554	0.03784	0.03827	0.04213	0.04258	0.07182	0.07266	0.07638	0.07726	0.13927	0.14101	0.16539	0.21276	0.21555	0.24251	
30.0 	180.0 	35.0	0.0722 	0.6392 	0.1240 	0.1646 	0.8038 	0.7565	0.03775	0.03817	0.04203	0.04248	0.07164	0.07248	0.07619	0.07706	0.13898	0.14071	0.16511	0.21230	0.21508	0.24206	
31.0 	180.0 	35.0	0.0721 	0.6374 	0.1262 	0.1643 	0.8017 	0.7576	0.03765	0.03807	0.04193	0.04238	0.07145	0.07228	0.07600	0.07687	0.13869	0.14043	0.16484	0.21184	0.21462	0.24163	
32.0 	180.0 	35.0	0.0720 	0.6356 	0.1284 	0.1640 	0.7996 	0.7586	0.03755	0.03797	0.04183	0.04228	0.07125	0.07209	0.07580	0.07667	0.13841	0.14015	0.16459	0.21137	0.21416	0.24121	
33.0 	180.0 	35.0	0.0719 	0.6337 	0.1307 	0.1637 	0.7974 	0.7596	0.03745	0.03787	0.04173	0.04218	0.07106	0.07189	0.07561	0.07647	0.13813	0.13987	0.16435	0.21091	0.21369	0.24079	
34.0 	180.0 	35.0	0.0718 	0.6317 	0.1331 	0.1634 	0.7951 	0.7605	0.03735	0.03777	0.04163	0.04208	0.07085	0.07168	0.07541	0.07627	0.13785	0.13959	0.16412	0.21044	0.21322	0.24038	
35.0 	180.0 	35.0	0.0718 	0.6297 	0.1356 	0.1630 	0.7927 	0.7614	0.03725	0.03767	0.04153	0.04198	0.07064	0.07147	0.07520	0.07606	0.13758	0.13932	0.16391	0.20997	0.21275	0.23998	
36.0 	180.0 	35.0	0.0718 	0.6275 	0.1381 	0.1626 	0.7901 	0.7622	0.03714	0.03756	0.04142	0.04187	0.07043	0.07125	0.07499	0.07585	0.13731	0.13905	0.16371	0.20950	0.21228	0.23959	
37.0 	180.0 	35.0	0.0718 	0.6254 	0.1406 	0.1622 	0.7875 	0.7630	0.03703	0.03745	0.04132	0.04177	0.07020	0.07103	0.07478	0.07564	0.13704	0.13879	0.16352	0.20902	0.21180	0.23920	
38.0 	180.0 	35.0	0.0719 	0.6231 	0.1433 	0.1617 	0.7848 	0.7638	0.03692	0.03734	0.04122	0.04167	0.06997	0.07080	0.07456	0.07542	0.13678	0.13852	0.16335	0.20853	0.21131	0.23882	
39.0 	180.0 	35.0	0.0720 	0.6207 	0.1460 	0.1612 	0.7820 	0.7646	0.03681	0.03722	0.04112	0.04157	0.06974	0.07056	0.07434	0.07519	0.13652	0.13826	0.16319	0.20805	0.21082	0.23845	
40.0 	180.0 	35.0	0.0721 	0.6183 	0.1489 	0.1607 	0.7790 	0.7653	0.03669	0.03710	0.04101	0.04146	0.06949	0.07031	0.07411	0.07496	0.13626	0.13801	0.16304	0.20755	0.21033	0.23808	
41.0 	180.0 	35.0	0.0723 	0.6157 	0.1518 	0.1602 	0.7759 	0.7660	0.03657	0.03698	0.04091	0.04136	0.06924	0.07006	0.07387	0.07472	0.13600	0.13775	0.16291	0.20704	0.20982	0.23772	
42.0 	180.0 	35.0	0.0725 	0.6131 	0.1549 	0.1596 	0.7727 	0.7667	0.03645	0.03686	0.04080	0.04125	0.06898	0.06979	0.07363	0.07448	0.13574	0.13749	0.16279	0.20653	0.20931	0.23736	
43.0 	180.0 	35.0	0.0727 	0.6103 	0.1580 	0.1590 	0.7693 	0.7673	0.03632	0.03673	0.04070	0.04114	0.06871	0.06952	0.07338	0.07423	0.13548	0.13724	0.16268	0.20601	0.20879	0.23701	
44.0 	180.0 	35.0	0.0730 	0.6074 	0.1613 	0.1583 	0.7657 	0.7680	0.03619	0.03660	0.04059	0.04103	0.06843	0.06924	0.07312	0.07397	0.13523	0.13698	0.16259	0.20548	0.20826	0.23666	
45.0 	180.0 	35.0	0.0733 	0.6044 	0.1646 	0.1576 	0.7620 	0.7686	0.03605	0.03646	0.04047	0.04092	0.06814	0.06894	0.07286	0.07370	0.13497	0.13673	0.16251	0.20493	0.20772	0.23632	
46.0 	180.0 	35.0	0.0737 	0.6013 	0.1682 	0.1569 	0.7582 	0.7692	0.03591	0.03632	0.04036	0.04080	0.06784	0.06864	0.07259	0.07343	0.13471	0.13648	0.16245	0.20438	0.20716	0.23598	
47.0 	180.0 	35.0	0.0741 	0.5980 	0.1718 	0.1561 	0.7541 	0.7698	0.03577	0.03618	0.04025	0.04069	0.06753	0.06832	0.07230	0.07314	0.13446	0.13622	0.16240	0.20381	0.20659	0.23564	
48.0 	180.0 	35.0	0.0745 	0.5946 	0.1756 	0.1553 	0.7499 	0.7704	0.03562	0.03603	0.04013	0.04057	0.06720	0.06799	0.07201	0.07285	0.13420	0.13596	0.16236	0.20322	0.20600	0.23530	
49.0 	180.0 	35.0	0.0750 	0.5910 	0.1796 	0.1544 	0.7454 	0.7710	0.03546	0.03587	0.04001	0.04045	0.06686	0.06765	0.07171	0.07254	0.13393	0.13571	0.16234	0.20262	0.20540	0.23496	
50.0 	180.0 	35.0	0.0755 	0.5873 	0.1837 	0.1535 	0.7408 	0.7716	0.03530	0.03571	0.03988	0.04032	0.06650	0.06729	0.07139	0.07222	0.13367	0.13545	0.16234	0.20199	0.20478	0.23463	
51.0 	180.0 	35.0	0.0761 	0.5833 	0.1881 	0.1525 	0.7359 	0.7721	0.03514	0.03554	0.03975	0.04019	0.06613	0.06692	0.07106	0.07189	0.13340	0.13518	0.16235	0.20135	0.20414	0.23429	
52.0 	180.0 	35.0	0.0767 	0.5792 	0.1926 	0.1515 	0.7307 	0.7726	0.03496	0.03536	0.03962	0.04006	0.06574	0.06652	0.07072	0.07155	0.13313	0.13491	0.16237	0.20069	0.20348	0.23395	
53.0 	180.0 	35.0	0.0774 	0.5749 	0.1973 	0.1504 	0.7253 	0.7731	0.03478	0.03518	0.03949	0.03992	0.06534	0.06612	0.07037	0.07119	0.13285	0.13464	0.16241	0.20000	0.20280	0.23361	
54.0 	180.0 	35.0	0.0781 	0.5704 	0.2023 	0.1492 	0.7196 	0.7736	0.03459	0.03499	0.03935	0.03978	0.06492	0.06569	0.07000	0.07082	0.13257	0.13436	0.16247	0.19929	0.20209	0.23327	
55.0 	180.0 	35.0	0.0789 	0.5657 	0.2075 	0.1480 	0.7136 	0.7740	0.03439	0.03478	0.03920	0.03964	0.06447	0.06524	0.06961	0.07042	0.13228	0.13408	0.16254	0.19855	0.20135	0.23292	
56.0 	180.0 	35.0	0.0797 	0.5607 	0.2129 	0.1467 	0.7073 	0.7745	0.03418	0.03457	0.03905	0.03948	0.06400	0.06477	0.06920	0.07001	0.13198	0.13379	0.16262	0.19778	0.20058	0.23256	
57.0 	180.0 	35.0	0.0806 	0.5554 	0.2187 	0.1453 	0.7007 	0.7748	0.03396	0.03435	0.03889	0.03932	0.06351	0.06427	0.06877	0.06958	0.13167	0.13348	0.16271	0.19697	0.19977	0.23219	
58.0 	180.0 	35.0	0.0816 	0.5499 	0.2247 	0.1438 	0.6937 	0.7751	0.03373	0.03412	0.03872	0.03916	0.06300	0.06375	0.06833	0.06913	0.13135	0.13317	0.16282	0.19612	0.19892	0.23181	
59.0 	180.0 	35.0	0.0826 	0.5440 	0.2311 	0.1423 	0.6864 	0.7754	0.03349	0.03388	0.03855	0.03898	0.06245	0.06320	0.06785	0.06865	0.13101	0.13283	0.16293	0.19522	0.19803	0.23141	
60.0 	180.0 	35.0	0.0837 	0.5379 	0.2378 	0.1407 	0.6786 	0.7755	0.03324	0.03362	0.03837	0.03880	0.06188	0.06262	0.06735	0.06815	0.13065	0.13249	0.16306	0.19428	0.19710	0.23099	
61.0 	180.0 	35.0	0.0848 	0.5314 	0.2448 	0.1390 	0.6704 	0.7755	0.03297	0.03335	0.03817	0.03860	0.06127	0.06201	0.06683	0.06762	0.13028	0.13212	0.16319	0.19329	0.19611	0.23056	
62.0 	180.0 	35.0	0.0860 	0.5245 	0.2523 	0.1372 	0.6617 	0.7754	0.03268	0.03306	0.03797	0.03840	0.06063	0.06136	0.06628	0.06706	0.12989	0.13174	0.16334	0.19225	0.19507	0.23010	
63.0 	180.0 	35.0	0.0873 	0.5173 	0.2602 	0.1353 	0.6526 	0.7751	0.03239	0.03276	0.03776	0.03818	0.05996	0.06068	0.06569	0.06647	0.12948	0.13134	0.16350	0.19115	0.19398	0.22962	
64.0 	180.0 	35.0	0.0886 	0.5096 	0.2684 	0.1333 	0.6429 	0.7745	0.03207	0.03244	0.03753	0.03796	0.05925	0.05996	0.06508	0.06585	0.12905	0.13092	0.16367	0.18999	0.19282	0.22912	
65.0 	180.0 	35.0	0.0900 	0.5016 	0.2772 	0.1312 	0.6328 	0.7736	0.03174	0.03211	0.03729	0.03772	0.05850	0.05920	0.06443	0.06520	0.12860	0.13047	0.16385	0.18877	0.19161	0.22859	
66.0 	180.0 	35.0	0.0918 	0.4922 	0.2872 	0.1288 	0.6210 	0.7752	0.03136	0.03172	0.03703	0.03745	0.05763	0.05833	0.06368	0.06445	0.12811	0.12999	0.16411	0.18739	0.19023	0.22803	
67.0 	180.0 	35.0	0.0938 	0.4816 	0.2986 	0.1260 	0.6076 	0.7788	0.03093	0.03129	0.03673	0.03715	0.05665	0.05734	0.06284	0.06360	0.12757	0.12947	0.16445	0.18585	0.18870	0.22744	
68.0 	180.0 	35.0	0.0961 	0.4698 	0.3112 	0.1229 	0.5928 	0.7836	0.03045	0.03081	0.03640	0.03682	0.05557	0.05625	0.06192	0.06267	0.12699	0.12890	0.16484	0.18416	0.18701	0.22681	
70.0 	180.0 	35.0	0.1013 	0.4432 	0.3396 	0.1159 	0.5591 	0.7954	0.02938	0.02972	0.03567	0.03608	0.05311	0.05377	0.05982	0.06055	0.12568	0.12762	0.16574	0.18033	0.18320	0.22538	
 0.0 	 0.0 	50.0	0.0571 	0.6346 	0.0897 	0.2185 	0.8531 	0.6354	0.03715	0.03744	0.04059	0.04090	0.07123	0.07180	0.07492	0.07551	0.13061	0.13180	0.15177	0.20251	0.20443	0.22698	
 5.0 	 0.0 	50.0	0.0643 	0.6277 	0.0934 	0.2146 	0.8423 	0.6839	0.03715	0.03742	0.04097	0.04127	0.07085	0.07139	0.07492	0.07549	0.13220	0.13339	0.15526	0.20323	0.20511	0.22956	
10.0 	 0.0 	50.0	0.0712 	0.6237 	0.0937 	0.2114 	0.8351 	0.7097	0.03729	0.03756	0.04149	0.04178	0.07077	0.07131	0.07521	0.07577	0.13426	0.13545	0.15915	0.20481	0.20669	0.23297	
20.0 	 0.0 	50.0	0.0873 	0.6174 	0.0914 	0.2039 	0.8212 	0.7402	0.03778	0.03805	0.04284	0.04314	0.07091	0.07144	0.07621	0.07677	0.13969	0.14093	0.16891	0.20958	0.21149	0.24209	
21.0 	 0.0 	50.0	0.0892 	0.6167 	0.0911 	0.2030 	0.8197 	0.7425	0.03784	0.03811	0.04301	0.04331	0.07094	0.07146	0.07634	0.07690	0.14035	0.14159	0.17007	0.21017	0.21210	0.24320	
22.0 	 0.0 	50.0	0.0911 	0.6161 	0.0908 	0.2020 	0.8181 	0.7445	0.03791	0.03818	0.04317	0.04348	0.07097	0.07150	0.07648	0.07704	0.14103	0.14228	0.17127	0.21080	0.21272	0.24435	
23.0 	 0.0 	50.0	0.0931 	0.6155 	0.0904 	0.2010 	0.8165 	0.7465	0.03798	0.03825	0.04335	0.04365	0.07101	0.07153	0.07662	0.07718	0.14174	0.14299	0.17252	0.21144	0.21338	0.24554	
24.0 	 0.0 	50.0	0.0952 	0.6149 	0.0900 	0.1999 	0.8148 	0.7483	0.03805	0.03832	0.04353	0.04384	0.07105	0.07157	0.07677	0.07733	0.14247	0.14374	0.17381	0.21212	0.21407	0.24678	
25.0 	 0.0 	50.0	0.0973 	0.6143 	0.0896 	0.1988 	0.8131 	0.7500	0.03813	0.03840	0.04372	0.04403	0.07109	0.07161	0.07693	0.07749	0.14324	0.14451	0.17514	0.21283	0.21479	0.24807	
26.0 	 0.0 	50.0	0.0995 	0.6137 	0.0892 	0.1976 	0.8114 	0.7515	0.03821	0.03848	0.04392	0.04423	0.07114	0.07166	0.07710	0.07766	0.14404	0.14532	0.17653	0.21358	0.21554	0.24942	
27.0 	 0.0 	50.0	0.1017 	0.6132 	0.0887 	0.1964 	0.8096 	0.7529	0.03830	0.03857	0.04413	0.04444	0.07119	0.07172	0.07727	0.07784	0.14487	0.14616	0.17798	0.21436	0.21633	0.25083	
28.0 	 0.0 	50.0	0.1041 	0.6126 	0.0882 	0.1951 	0.8077 	0.7542	0.03839	0.03866	0.04435	0.04466	0.07125	0.07178	0.07746	0.07803	0.14574	0.14704	0.17949	0.21518	0.21717	0.25229	
29.0 	 0.0 	50.0	0.1065 	0.6121 	0.0877 	0.1937 	0.8058 	0.7554	0.03848	0.03876	0.04457	0.04489	0.07132	0.07184	0.07766	0.07823	0.14665	0.14797	0.18106	0.21605	0.21805	0.25383	
30.0 	 0.0 	50.0	0.1090 	0.6116 	0.0872 	0.1922 	0.8038 	0.7565	0.03859	0.03886	0.04481	0.04513	0.07139	0.07192	0.07787	0.07844	0.14761	0.14894	0.18271	0.21697	0.21897	0.25545	
31.0 	 0.0 	50.0	0.1117 	0.6111 	0.0866 	0.1906 	0.8017 	0.7576	0.03870	0.03897	0.04507	0.04538	0.07148	0.07200	0.07810	0.07867	0.14862	0.14996	0.18444	0.21793	0.21996	0.25715	
32.0 	 0.0 	50.0	0.1144 	0.6107 	0.0860 	0.1889 	0.7996 	0.7586	0.03881	0.03909	0.04533	0.04565	0.07157	0.07209	0.07834	0.07891	0.14968	0.15104	0.18626	0.21896	0.22100	0.25895	
33.0 	 0.0 	50.0	0.1173 	0.6103 	0.0853 	0.1871 	0.7974 	0.7596	0.03894	0.03922	0.04561	0.04593	0.07167	0.07219	0.07860	0.07917	0.15081	0.15218	0.18818	0.22006	0.22212	0.26085	
34.0 	 0.0 	50.0	0.1203 	0.6100 	0.0846 	0.1851 	0.7951 	0.7605	0.03908	0.03935	0.04591	0.04624	0.07178	0.07231	0.07888	0.07945	0.15200	0.15340	0.19021	0.22123	0.22331	0.26287	
35.0 	 0.0 	50.0	0.1235 	0.6097 	0.0838 	0.1830 	0.7927 	0.7614	0.03922	0.03950	0.04623	0.04656	0.07191	0.07244	0.07918	0.07976	0.15328	0.15469	0.19236	0.22249	0.22459	0.26502	
36.0 	 0.0 	50.0	0.1269 	0.6095 	0.0830 	0.1806 	0.7901 	0.7622	0.03939	0.03967	0.04657	0.04691	0.07206	0.07259	0.07951	0.08009	0.15464	0.15608	0.19466	0.22385	0.22597	0.26732	
37.0 	 0.0 	50.0	0.1305 	0.6095 	0.0820 	0.1781 	0.7875 	0.7630	0.03956	0.03985	0.04694	0.04728	0.07223	0.07276	0.07987	0.08046	0.15611	0.15758	0.19711	0.22533	0.22748	0.26980	
38.0 	 0.0 	50.0	0.1342 	0.6096 	0.0810 	0.1752 	0.7848 	0.7638	0.03976	0.04005	0.04734	0.04769	0.07243	0.07296	0.08027	0.08087	0.15770	0.15919	0.19975	0.22694	0.22912	0.27248	
39.0 	 0.0 	50.0	0.1383 	0.6099 	0.0798 	0.1721 	0.7820 	0.7646	0.03998	0.04027	0.04778	0.04813	0.07266	0.07319	0.08072	0.08132	0.15943	0.16096	0.20260	0.22871	0.23093	0.27539	
40.0 	 0.0 	50.0	0.1426 	0.6104 	0.0784 	0.1686 	0.7790 	0.7653	0.04023	0.04052	0.04826	0.04862	0.07293	0.07346	0.08123	0.08183	0.16133	0.16290	0.20571	0.23068	0.23294	0.27859	
41.0 	 0.0 	50.0	0.1473 	0.6113 	0.0768 	0.1646 	0.7759 	0.7660	0.04051	0.04081	0.04880	0.04916	0.07325	0.07379	0.08180	0.08242	0.16343	0.16505	0.20912	0.23289	0.23519	0.28213	
42.0 	 0.0 	50.0	0.1524 	0.6126 	0.0749 	0.1601 	0.7727 	0.7667	0.04084	0.04114	0.04940	0.04978	0.07363	0.07417	0.08246	0.08309	0.16579	0.16746	0.21291	0.23540	0.23776	0.28609	
43.0 	 0.0 	50.0	0.1581 	0.6144 	0.0726 	0.1549 	0.7693 	0.7673	0.04122	0.04152	0.05008	0.05047	0.07410	0.07465	0.08323	0.08387	0.16847	0.17020	0.21718	0.23829	0.24071	0.29059	
44.0 	 0.0 	50.0	0.1644 	0.6171 	0.0699 	0.1486 	0.7657 	0.7680	0.04167	0.04199	0.05088	0.05128	0.07468	0.07524	0.08416	0.08481	0.17156	0.17337	0.22205	0.24167	0.24418	0.29578	
45.0 	 0.0 	50.0	0.1715 	0.6209 	0.0664 	0.1411 	0.7620 	0.7686	0.04223	0.04255	0.05181	0.05224	0.07542	0.07599	0.08528	0.08596	0.17521	0.17712	0.22773	0.24573	0.24834	0.30190	
46.0 	 0.0 	50.0	0.1798 	0.6264 	0.0620 	0.1318 	0.7582 	0.7692	0.04293	0.04326	0.05296	0.05342	0.07639	0.07697	0.08670	0.08740	0.17965	0.18169	0.23455	0.25076	0.25349	0.30933	
47.0 	 0.0 	50.0	0.1898 	0.6346 	0.0561 	0.1196 	0.7541 	0.7698	0.04385	0.04420	0.05442	0.05491	0.07771	0.07831	0.08856	0.08930	0.18529	0.18750	0.24308	0.25725	0.26017	0.31875	
48.0 	 0.0 	50.0	0.2025 	0.6474 	0.0476 	0.1025 	0.7499 	0.7704	0.04515	0.04553	0.05640	0.05695	0.07964	0.08026	0.09118	0.09198	0.19293	0.19540	0.25445	0.26622	0.26941	0.33150	
49.0 	 0.0 	50.0	0.2205 	0.6702 	0.0341 	0.0753 	0.7454 	0.7710	0.04722	0.04765	0.05944	0.06009	0.08284	0.08352	0.09535	0.09625	0.20466	0.20758	0.27157	0.28029	0.28395	0.35102	
50.0 	 0.0 	50.0	0.2592 	0.7408 	0.0000 	0.0000 	0.7408 	0.7716	0.05279	0.05339	0.06711	0.06809	0.09194	0.09277	0.10654	0.10778	0.23454	0.23886	0.31386	0.31740	0.32251	0.40068	
51.0 	 0.0 	50.0	0.2215 	0.6675 	0.0427 	0.0683 	0.7359 	0.7721	0.04713	0.04757	0.05943	0.06008	0.08261	0.08328	0.09519	0.09610	0.20489	0.20783	0.27234	0.28029	0.28398	0.35161	
52.0 	 0.0 	50.0	0.2054 	0.6402 	0.0639 	0.0905 	0.7307 	0.7726	0.04493	0.04531	0.05638	0.05693	0.07903	0.07965	0.09077	0.09157	0.19344	0.19596	0.25625	0.26608	0.26932	0.33275	
53.0 	 0.0 	50.0	0.1950 	0.6221 	0.0797 	0.1032 	0.7253 	0.7731	0.04348	0.04384	0.05439	0.05489	0.07667	0.07726	0.08787	0.08861	0.18612	0.18840	0.24605	0.25694	0.25993	0.32073	
54.0 	 0.0 	50.0	0.1876 	0.6082 	0.0928 	0.1115 	0.7196 	0.7736	0.04240	0.04274	0.05293	0.05339	0.07488	0.07545	0.08571	0.08641	0.18083	0.18296	0.23879	0.25027	0.25309	0.31209	
55.0 	 0.0 	50.0	0.1821 	0.5965 	0.1042 	0.1171 	0.7136 	0.7740	0.04153	0.04186	0.05178	0.05222	0.07342	0.07397	0.08397	0.08465	0.17677	0.17879	0.23332	0.24505	0.24776	0.30548	
56.0 	 0.0 	50.0	0.1780 	0.5863 	0.1147 	0.1211 	0.7073 	0.7745	0.04080	0.04112	0.05085	0.05127	0.07216	0.07270	0.08251	0.08317	0.17351	0.17546	0.22904	0.24078	0.24340	0.30022	
57.0 	 0.0 	50.0	0.1748 	0.5769 	0.1245 	0.1238 	0.7007 	0.7748	0.04017	0.04047	0.05006	0.05046	0.07105	0.07158	0.08125	0.08189	0.17084	0.17272	0.22564	0.23718	0.23974	0.29592	
58.0 	 0.0 	50.0	0.1724 	0.5680 	0.1338 	0.1257 	0.6937 	0.7751	0.03960	0.03990	0.04939	0.04978	0.07002	0.07054	0.08012	0.08074	0.16859	0.17042	0.22289	0.23407	0.23657	0.29234	
59.0 	 0.0 	50.0	0.1707 	0.5595 	0.1429 	0.1268 	0.6864 	0.7754	0.03908	0.03937	0.04879	0.04917	0.06907	0.06958	0.07909	0.07970	0.16667	0.16847	0.22066	0.23132	0.23379	0.28931	
60.0 	 0.0 	50.0	0.1695 	0.5512 	0.1519 	0.1274 	0.6786 	0.7755	0.03860	0.03889	0.04827	0.04864	0.06815	0.06866	0.07814	0.07874	0.16502	0.16679	0.21886	0.22886	0.23129	0.28673	
61.0 	 0.0 	50.0	0.1688 	0.5429 	0.1608 	0.1275 	0.6704 	0.7755	0.03815	0.03843	0.04779	0.04816	0.06727	0.06777	0.07724	0.07783	0.16358	0.16533	0.21741	0.22663	0.22903	0.28452	
62.0 	 0.0 	50.0	0.1686 	0.5345 	0.1697 	0.1272 	0.6617 	0.7754	0.03771	0.03799	0.04736	0.04772	0.06640	0.06689	0.07638	0.07696	0.16233	0.16406	0.21627	0.22457	0.22695	0.28262	
63.0 	 0.0 	50.0	0.1687 	0.5261 	0.1788 	0.1265 	0.6526 	0.7751	0.03729	0.03757	0.04697	0.04732	0.06554	0.06603	0.07555	0.07613	0.16123	0.16294	0.21540	0.22266	0.22503	0.28098	
64.0 	 0.0 	50.0	0.1691 	0.5175 	0.1879 	0.1255 	0.6429 	0.7745	0.03688	0.03715	0.04660	0.04695	0.06468	0.06516	0.07474	0.07531	0.16026	0.16196	0.21476	0.22086	0.22322	0.27957	
65.0 	 0.0 	50.0	0.1700 	0.5086 	0.1973 	0.1241 	0.6328 	0.7736	0.03648	0.03674	0.04626	0.04661	0.06382	0.06429	0.07395	0.07451	0.15941	0.16110	0.21435	0.21917	0.22151	0.27836	
66.0 	 0.0 	50.0	0.1714 	0.4988 	0.2076 	0.1221 	0.6210 	0.7752	0.03606	0.03632	0.04594	0.04629	0.06288	0.06335	0.07313	0.07368	0.15868	0.16038	0.21426	0.21752	0.21986	0.27741	
67.0 	 0.0 	50.0	0.1734 	0.4881 	0.2190 	0.1195 	0.6076 	0.7788	0.03562	0.03588	0.04564	0.04598	0.06188	0.06234	0.07226	0.07282	0.15808	0.15978	0.21449	0.21589	0.21823	0.27668	
68.0 	 0.0 	50.0	0.1759 	0.4764 	0.2313 	0.1163 	0.5928 	0.7836	0.03516	0.03541	0.04534	0.04568	0.06081	0.06127	0.07137	0.07192	0.15758	0.15928	0.21498	0.21429	0.21664	0.27615	
70.0 	 0.0 	50.0	0.1825 	0.4505 	0.2584 	0.1086 	0.5591 	0.7954	0.03418	0.03444	0.04479	0.04512	0.05848	0.05893	0.06948	0.07001	0.15686	0.15858	0.21674	0.21113	0.21348	0.27564	
 0.0 	180.0 	50.0	0.0571 	0.6346 	0.0897 	0.2185 	0.8531 	0.6354	0.03715	0.03744	0.04059	0.04090	0.07123	0.07180	0.07492	0.07551	0.13061	0.13180	0.15177	0.20251	0.20443	0.22698	
 5.0 	180.0 	50.0	0.0551 	0.6260 	0.1026 	0.2163 	0.8423 	0.6839	0.03660	0.03688	0.03995	0.04025	0.07022	0.07076	0.07381	0.07438	0.12844	0.12961	0.14925	0.19929	0.20116	0.22336	
10.0 	180.0 	50.0	0.0526 	0.6202 	0.1122 	0.2150 	0.8351 	0.7097	0.03617	0.03644	0.03941	0.03970	0.06948	0.07001	0.07295	0.07351	0.12661	0.12777	0.14693	0.19679	0.19864	0.22037	
20.0 	180.0 	50.0	0.0487 	0.6090 	0.1301 	0.2122 	0.8212 	0.7402	0.03541	0.03567	0.03846	0.03875	0.06812	0.06864	0.07142	0.07196	0.12357	0.12473	0.14323	0.19259	0.19442	0.21553	
21.0 	180.0 	50.0	0.0484 	0.6078 	0.1319 	0.2119 	0.8197 	0.7425	0.03533	0.03559	0.03837	0.03866	0.06798	0.06850	0.07126	0.07181	0.12330	0.12446	0.14292	0.19220	0.19403	0.21511	
22.0 	180.0 	50.0	0.0481 	0.6066 	0.1338 	0.2115 	0.8181 	0.7445	0.03525	0.03551	0.03829	0.03857	0.06784	0.06835	0.07111	0.07166	0.12303	0.12419	0.14263	0.19181	0.19364	0.21470	
23.0 	180.0 	50.0	0.0478 	0.6053 	0.1357 	0.2112 	0.8165 	0.7465	0.03517	0.03544	0.03820	0.03848	0.06769	0.06821	0.07096	0.07150	0.12277	0.12393	0.14235	0.19142	0.19325	0.21429	
24.0 	180.0 	50.0	0.0476 	0.6040 	0.1376 	0.2108 	0.8148 	0.7483	0.03510	0.03536	0.03811	0.03840	0.06755	0.06806	0.07081	0.07135	0.12251	0.12367	0.14207	0.19104	0.19287	0.21390	
25.0 	180.0 	50.0	0.0474 	0.6027 	0.1395 	0.2104 	0.8131 	0.7500	0.03502	0.03528	0.03803	0.03831	0.06740	0.06791	0.07065	0.07119	0.12226	0.12342	0.14181	0.19066	0.19249	0.21351	
26.0 	180.0 	50.0	0.0472 	0.6014 	0.1415 	0.2100 	0.8114 	0.7515	0.03494	0.03520	0.03794	0.03823	0.06725	0.06776	0.07050	0.07104	0.12201	0.12317	0.14155	0.19028	0.19211	0.21313	
27.0 	180.0 	50.0	0.0470 	0.6000 	0.1435 	0.2096 	0.8096 	0.7529	0.03486	0.03512	0.03786	0.03814	0.06710	0.06761	0.07034	0.07088	0.12176	0.12293	0.14131	0.18990	0.19173	0.21276	
28.0 	180.0 	50.0	0.0468 	0.5986 	0.1455 	0.2091 	0.8077 	0.7542	0.03478	0.03504	0.03777	0.03806	0.06694	0.06746	0.07018	0.07072	0.12152	0.12269	0.14107	0.18952	0.19135	0.21239	
29.0 	180.0 	50.0	0.0467 	0.5971 	0.1475 	0.2087 	0.8058 	0.7554	0.03470	0.03496	0.03769	0.03797	0.06679	0.06730	0.07002	0.07056	0.12128	0.12245	0.14084	0.18913	0.19097	0.21204	
30.0 	180.0 	50.0	0.0465 	0.5956 	0.1497 	0.2082 	0.8038 	0.7565	0.03462	0.03488	0.03760	0.03789	0.06662	0.06713	0.06986	0.07040	0.12104	0.12221	0.14063	0.18875	0.19059	0.21168	
31.0 	180.0 	50.0	0.0464 	0.5940 	0.1518 	0.2077 	0.8017 	0.7576	0.03453	0.03479	0.03752	0.03780	0.06646	0.06697	0.06969	0.07023	0.12081	0.12198	0.14042	0.18837	0.19020	0.21133	
32.0 	180.0 	50.0	0.0463 	0.5924 	0.1541 	0.2072 	0.7996 	0.7586	0.03445	0.03471	0.03743	0.03771	0.06629	0.06679	0.06952	0.07006	0.12058	0.12175	0.14022	0.18798	0.18981	0.21099	
33.0 	180.0 	50.0	0.0463 	0.5908 	0.1564 	0.2066 	0.7974 	0.7596	0.03436	0.03462	0.03734	0.03763	0.06611	0.06662	0.06935	0.06989	0.12034	0.12152	0.14003	0.18758	0.18942	0.21065	
34.0 	180.0 	50.0	0.0462 	0.5890 	0.1587 	0.2061 	0.7951 	0.7605	0.03427	0.03453	0.03726	0.03754	0.06593	0.06643	0.06917	0.06971	0.12011	0.12129	0.13986	0.18719	0.18903	0.21032	
35.0 	180.0 	50.0	0.0462 	0.5872 	0.1611 	0.2054 	0.7927 	0.7614	0.03418	0.03444	0.03717	0.03745	0.06574	0.06625	0.06899	0.06953	0.11988	0.12107	0.13969	0.18679	0.18863	0.20999	
36.0 	180.0 	50.0	0.0462 	0.5853 	0.1636 	0.2048 	0.7901 	0.7622	0.03408	0.03434	0.03708	0.03737	0.06555	0.06605	0.06880	0.06934	0.11965	0.12084	0.13952	0.18638	0.18822	0.20966	
37.0 	180.0 	50.0	0.0462 	0.5834 	0.1662 	0.2041 	0.7875 	0.7630	0.03399	0.03424	0.03699	0.03728	0.06535	0.06585	0.06861	0.06915	0.11943	0.12061	0.13937	0.18596	0.18781	0.20933	
38.0 	180.0 	50.0	0.0463 	0.5814 	0.1689 	0.2034 	0.7848 	0.7638	0.03389	0.03414	0.03690	0.03718	0.06514	0.06564	0.06842	0.06895	0.11920	0.12039	0.13923	0.18554	0.18739	0.20901	
39.0 	180.0 	50.0	0.0464 	0.5792 	0.1717 	0.2027 	0.7820 	0.7646	0.03378	0.03404	0.03681	0.03709	0.06493	0.06543	0.06821	0.06875	0.11896	0.12016	0.13909	0.18511	0.18696	0.20869	
40.0 	180.0 	50.0	0.0464 	0.5770 	0.1746 	0.2019 	0.7790 	0.7653	0.03368	0.03393	0.03671	0.03700	0.06471	0.06521	0.06801	0.06854	0.11873	0.11993	0.13896	0.18467	0.18652	0.20836	
41.0 	180.0 	50.0	0.0466 	0.5747 	0.1775 	0.2011 	0.7759 	0.7660	0.03357	0.03382	0.03662	0.03690	0.06448	0.06497	0.06779	0.06832	0.11850	0.11970	0.13884	0.18421	0.18607	0.20804	
42.0 	180.0 	50.0	0.0467 	0.5724 	0.1807 	0.2003 	0.7727 	0.7667	0.03345	0.03371	0.03652	0.03680	0.06424	0.06473	0.06757	0.06810	0.11825	0.11946	0.13871	0.18375	0.18561	0.20770	
43.0 	180.0 	50.0	0.0468 	0.5698 	0.1839 	0.1994 	0.7693 	0.7673	0.03333	0.03359	0.03641	0.03670	0.06399	0.06448	0.06733	0.06786	0.11801	0.11921	0.13859	0.18326	0.18512	0.20736	
44.0 	180.0 	50.0	0.0470 	0.5672 	0.1873 	0.1985 	0.7657 	0.7680	0.03321	0.03346	0.03630	0.03659	0.06373	0.06422	0.06709	0.06762	0.11775	0.11896	0.13847	0.18275	0.18462	0.20701	
45.0 	180.0 	50.0	0.0472 	0.5645 	0.1908 	0.1976 	0.7620 	0.7686	0.03308	0.03333	0.03619	0.03648	0.06345	0.06394	0.06684	0.06737	0.11748	0.11870	0.13835	0.18223	0.18410	0.20664	
46.0 	180.0 	50.0	0.0474 	0.5616 	0.1945 	0.1966 	0.7582 	0.7692	0.03295	0.03320	0.03608	0.03636	0.06317	0.06366	0.06657	0.06710	0.11721	0.11843	0.13823	0.18168	0.18356	0.20627	
47.0 	180.0 	50.0	0.0476 	0.5586 	0.1983 	0.1955 	0.7541 	0.7698	0.03281	0.03306	0.03596	0.03624	0.06287	0.06336	0.06630	0.06682	0.11692	0.11815	0.13810	0.18112	0.18299	0.20589	
48.0 	180.0 	50.0	0.0478 	0.5555 	0.2023 	0.1944 	0.7499 	0.7704	0.03266	0.03291	0.03583	0.03612	0.06256	0.06304	0.06601	0.06653	0.11663	0.11786	0.13798	0.18053	0.18241	0.20549	
49.0 	180.0 	50.0	0.0481 	0.5522 	0.2065 	0.1932 	0.7454 	0.7710	0.03250	0.03276	0.03570	0.03599	0.06223	0.06272	0.06571	0.06623	0.11633	0.11756	0.13786	0.17991	0.18180	0.20508	
50.0 	180.0 	50.0	0.0483 	0.5487 	0.2109 	0.1920 	0.7408 	0.7716	0.03234	0.03259	0.03557	0.03585	0.06189	0.06237	0.06539	0.06592	0.11601	0.11725	0.13774	0.17927	0.18116	0.20465	
51.0 	180.0 	50.0	0.0486 	0.5451 	0.2155 	0.1908 	0.7359 	0.7721	0.03218	0.03243	0.03542	0.03571	0.06153	0.06201	0.06506	0.06559	0.11568	0.11693	0.13761	0.17860	0.18049	0.20421	
52.0 	180.0 	50.0	0.0489 	0.5413 	0.2204 	0.1894 	0.7307 	0.7726	0.03200	0.03225	0.03528	0.03556	0.06115	0.06163	0.06472	0.06524	0.11534	0.11659	0.13749	0.17790	0.17980	0.20376	
53.0 	180.0 	50.0	0.0493 	0.5373 	0.2254 	0.1880 	0.7253 	0.7731	0.03182	0.03206	0.03512	0.03541	0.06076	0.06124	0.06436	0.06488	0.11498	0.11624	0.13736	0.17716	0.17907	0.20328	
54.0 	180.0 	50.0	0.0496 	0.5331 	0.2307 	0.1866 	0.7196 	0.7736	0.03162	0.03187	0.03496	0.03524	0.06034	0.06082	0.06398	0.06450	0.11461	0.11588	0.13724	0.17639	0.17831	0.20278	
55.0 	180.0 	50.0	0.0500 	0.5286 	0.2363 	0.1850 	0.7136 	0.7740	0.03142	0.03167	0.03479	0.03507	0.05991	0.06038	0.06358	0.06410	0.11423	0.11550	0.13711	0.17559	0.17751	0.20227	
56.0 	180.0 	50.0	0.0504 	0.5240 	0.2422 	0.1834 	0.7073 	0.7745	0.03120	0.03145	0.03461	0.03490	0.05945	0.05992	0.06316	0.06368	0.11382	0.11510	0.13697	0.17474	0.17667	0.20173	
57.0 	180.0 	50.0	0.0509 	0.5191 	0.2484 	0.1817 	0.7007 	0.7748	0.03098	0.03122	0.03443	0.03471	0.05896	0.05943	0.06272	0.06323	0.11340	0.11468	0.13684	0.17386	0.17579	0.20117	
58.0 	180.0 	50.0	0.0514 	0.5139 	0.2549 	0.1798 	0.6937 	0.7751	0.03074	0.03099	0.03423	0.03451	0.05846	0.05892	0.06226	0.06277	0.11295	0.11425	0.13670	0.17292	0.17486	0.20058	
59.0 	180.0 	50.0	0.0519 	0.5084 	0.2618 	0.1779 	0.6864 	0.7754	0.03049	0.03074	0.03402	0.03431	0.05792	0.05838	0.06177	0.06228	0.11248	0.11379	0.13656	0.17194	0.17389	0.19996	
60.0 	180.0 	50.0	0.0524 	0.5027 	0.2690 	0.1759 	0.6786 	0.7755	0.03023	0.03047	0.03381	0.03409	0.05735	0.05782	0.06125	0.06176	0.11199	0.11331	0.13642	0.17091	0.17287	0.19931	
61.0 	180.0 	50.0	0.0530 	0.4966 	0.2766 	0.1738 	0.6704 	0.7755	0.02995	0.03020	0.03358	0.03386	0.05676	0.05722	0.06071	0.06122	0.11148	0.11280	0.13627	0.16982	0.17179	0.19863	
62.0 	180.0 	50.0	0.0536 	0.4902 	0.2847 	0.1715 	0.6617 	0.7754	0.02966	0.02990	0.03334	0.03362	0.05613	0.05659	0.06014	0.06065	0.11094	0.11227	0.13611	0.16868	0.17065	0.19792	
63.0 	180.0 	50.0	0.0542 	0.4834 	0.2932 	0.1692 	0.6526 	0.7751	0.02935	0.02959	0.03309	0.03337	0.05547	0.05592	0.05954	0.06004	0.11037	0.11171	0.13595	0.16747	0.16945	0.19717	
64.0 	180.0 	50.0	0.0549 	0.4763 	0.3021 	0.1667 	0.6429 	0.7745	0.02903	0.02927	0.03282	0.03310	0.05477	0.05522	0.05890	0.05940	0.10977	0.11112	0.13578	0.16620	0.16819	0.19638	
65.0 	180.0 	50.0	0.0557 	0.4687 	0.3116 	0.1640 	0.6328 	0.7736	0.02869	0.02892	0.03254	0.03282	0.05403	0.05447	0.05823	0.05873	0.10913	0.11050	0.13560	0.16486	0.16686	0.19554	
66.0 	180.0 	50.0	0.0566 	0.4600 	0.3225 	0.1610 	0.6210 	0.7752	0.02829	0.02853	0.03222	0.03250	0.05318	0.05362	0.05746	0.05796	0.10842	0.10981	0.13544	0.16332	0.16534	0.19462	
67.0 	180.0 	50.0	0.0577 	0.4501 	0.3348 	0.1575 	0.6076 	0.7788	0.02785	0.02808	0.03186	0.03214	0.05221	0.05265	0.05658	0.05708	0.10764	0.10904	0.13528	0.16160	0.16363	0.19360	
68.0 	180.0 	50.0	0.0589 	0.4391 	0.3484 	0.1537 	0.5928 	0.7836	0.02736	0.02759	0.03147	0.03175	0.05114	0.05157	0.05562	0.05612	0.10678	0.10820	0.13512	0.15971	0.16176	0.19249	
70.0 	180.0 	50.0	0.0616 	0.4142 	0.3793 	0.1449 	0.5591 	0.7954	0.02624	0.02647	0.03057	0.03086	0.04872	0.04914	0.05344	0.05393	0.10483	0.10629	0.13477	0.15543	0.15751	0.18998	
