 0.0 	 0.0 	25.0	0.0793 	0.7655 	0.0313 	0.1239 	0.8894 	0.4688	0.04435	0.04496	0.04885	0.04949	0.08461	0.08581	0.08935	0.09060	0.16123	0.16352	0.18747	0.24834	0.25207	0.27815	
 5.0 	 0.0 	25.0	0.0877 	0.7647 	0.0294 	0.1182 	0.8830 	0.4960	0.04473	0.04533	0.04966	0.05030	0.08492	0.08611	0.09009	0.09133	0.16426	0.16659	0.19267	0.25111	0.25487	0.28302	
10.0 	 0.0 	25.0	0.0966 	0.7666 	0.0257 	0.1111 	0.8777 	0.5138	0.04527	0.04588	0.05067	0.05132	0.08554	0.08673	0.09118	0.09243	0.16814	0.17055	0.19896	0.25513	0.25896	0.28945	
20.0 	 0.0 	25.0	0.1227 	0.7817 	0.0157 	0.0800 	0.8617 	0.5595	0.04736	0.04801	0.05416	0.05490	0.08837	0.08959	0.09541	0.09674	0.18182	0.18466	0.22019	0.27043	0.27472	0.31244	
21.0 	 0.0 	25.0	0.1268 	0.7855 	0.0148 	0.0728 	0.8584 	0.5702	0.04777	0.04842	0.05479	0.05555	0.08896	0.09020	0.09624	0.09759	0.18434	0.18727	0.22400	0.27337	0.27777	0.31671	
22.0 	 0.0 	25.0	0.1314 	0.7910 	0.0136 	0.0640 	0.8549 	0.5812	0.04828	0.04895	0.05555	0.05635	0.08974	0.09099	0.09727	0.09865	0.18737	0.19043	0.22849	0.27699	0.28152	0.32183	
23.0 	 0.0 	25.0	0.1368 	0.7990 	0.0118 	0.0524 	0.8514 	0.5923	0.04896	0.04965	0.05653	0.05736	0.09082	0.09208	0.09865	0.10006	0.19120	0.19443	0.23406	0.28169	0.28640	0.32831	
24.0 	 0.0 	25.0	0.1436 	0.8120 	0.0086 	0.0358 	0.8479 	0.6031	0.04997	0.05068	0.05791	0.05879	0.09248	0.09377	0.10068	0.10215	0.19658	0.20007	0.24169	0.28844	0.29342	0.33737	
25.0 	 0.0 	25.0	0.1557 	0.8443 	0.0000 	0.0000 	0.8443 	0.6136	0.05223	0.05301	0.06084	0.06185	0.09635	0.09770	0.10522	0.10682	0.20795	0.21202	0.25727	0.30317	0.30878	0.35642	
26.0 	 0.0 	25.0	0.1443 	0.8105 	0.0149 	0.0302 	0.8408 	0.6236	0.04993	0.05064	0.05792	0.05881	0.09236	0.09364	0.10061	0.10208	0.19684	0.20035	0.24237	0.28859	0.29360	0.33798	
27.0 	 0.0 	25.0	0.1390 	0.7947 	0.0238 	0.0426 	0.8372 	0.6332	0.04886	0.04954	0.05657	0.05740	0.09049	0.09174	0.09846	0.09988	0.19180	0.19508	0.23567	0.28193	0.28670	0.32965	
28.0 	 0.0 	25.0	0.1354 	0.7832 	0.0309 	0.0506 	0.8337 	0.6423	0.04809	0.04876	0.05562	0.05642	0.08914	0.09038	0.09694	0.09832	0.18834	0.19148	0.23116	0.27731	0.28192	0.32396	
29.0 	 0.0 	25.0	0.1329 	0.7739 	0.0369 	0.0564 	0.8302 	0.6510	0.04749	0.04815	0.05489	0.05567	0.08807	0.08930	0.09574	0.09709	0.18572	0.18876	0.22780	0.27375	0.27825	0.31968	
30.0 	 0.0 	25.0	0.1310 	0.7659 	0.0423 	0.0608 	0.8267 	0.6592	0.04700	0.04764	0.05430	0.05505	0.08717	0.08839	0.09475	0.09608	0.18363	0.18659	0.22519	0.27086	0.27527	0.31627	
31.0 	 0.0 	25.0	0.1296 	0.7588 	0.0472 	0.0644 	0.8232 	0.6671	0.04657	0.04721	0.05380	0.05454	0.08639	0.08759	0.09389	0.09521	0.18190	0.18480	0.22308	0.26843	0.27277	0.31346	
32.0 	 0.0 	25.0	0.1285 	0.7524 	0.0519 	0.0673 	0.8196 	0.6747	0.04619	0.04682	0.05337	0.05410	0.08568	0.08687	0.09314	0.09444	0.18044	0.18328	0.22135	0.26632	0.27061	0.31110	
33.0 	 0.0 	25.0	0.1277 	0.7464 	0.0562 	0.0697 	0.8161 	0.6819	0.04584	0.04647	0.05299	0.05371	0.08503	0.08622	0.09246	0.09374	0.17917	0.18198	0.21990	0.26447	0.26870	0.30907	
34.0 	 0.0 	25.0	0.1271 	0.7407 	0.0604 	0.0717 	0.8124 	0.6889	0.04553	0.04615	0.05265	0.05336	0.08443	0.08561	0.09183	0.09311	0.17807	0.18083	0.21868	0.26280	0.26700	0.30731	
35.0 	 0.0 	25.0	0.1268 	0.7353 	0.0645 	0.0734 	0.8087 	0.6956	0.04524	0.04586	0.05235	0.05305	0.08387	0.08504	0.09126	0.09252	0.17709	0.17983	0.21765	0.26129	0.26545	0.30577	
36.0 	 0.0 	25.0	0.1266 	0.7301 	0.0685 	0.0749 	0.8050 	0.7021	0.04497	0.04558	0.05207	0.05276	0.08333	0.08450	0.09072	0.09198	0.17622	0.17893	0.21678	0.25991	0.26404	0.30440	
37.0 	 0.0 	25.0	0.1265 	0.7250 	0.0723 	0.0761 	0.8011 	0.7083	0.04471	0.04532	0.05182	0.05250	0.08281	0.08397	0.09021	0.09146	0.17544	0.17812	0.21604	0.25863	0.26273	0.30318	
38.0 	 0.0 	25.0	0.1266 	0.7201 	0.0762 	0.0772 	0.7972 	0.7143	0.04446	0.04507	0.05158	0.05226	0.08231	0.08347	0.08972	0.09096	0.17473	0.17739	0.21541	0.25743	0.26151	0.30208	
39.0 	 0.0 	25.0	0.1268 	0.7151 	0.0800 	0.0781 	0.7932 	0.7202	0.04423	0.04483	0.05136	0.05203	0.08182	0.08297	0.08925	0.09048	0.17408	0.17673	0.21489	0.25631	0.26036	0.30110	
40.0 	 0.0 	25.0	0.1271 	0.7103 	0.0838 	0.0788 	0.7891 	0.7258	0.04400	0.04459	0.05115	0.05182	0.08135	0.08249	0.08880	0.09002	0.17350	0.17612	0.21445	0.25525	0.25928	0.30021	
41.0 	 0.0 	25.0	0.1275 	0.7054 	0.0876 	0.0795 	0.7849 	0.7313	0.04377	0.04436	0.05096	0.05162	0.08087	0.08201	0.08836	0.08958	0.17296	0.17557	0.21410	0.25424	0.25825	0.29940	
42.0 	 0.0 	25.0	0.1280 	0.7005 	0.0915 	0.0800 	0.7805 	0.7367	0.04355	0.04414	0.05077	0.05143	0.08040	0.08154	0.08793	0.08914	0.17246	0.17506	0.21382	0.25327	0.25726	0.29868	
43.0 	 0.0 	25.0	0.1287 	0.6956 	0.0953 	0.0804 	0.7760 	0.7419	0.04334	0.04392	0.05060	0.05125	0.07994	0.08107	0.08750	0.08871	0.17201	0.17460	0.21362	0.25234	0.25632	0.29802	
44.0 	 0.0 	25.0	0.1294 	0.6906 	0.0993 	0.0808 	0.7714 	0.7469	0.04312	0.04371	0.05043	0.05108	0.07947	0.08059	0.08708	0.08828	0.17159	0.17417	0.21348	0.25144	0.25540	0.29742	
45.0 	 0.0 	25.0	0.1302 	0.6856 	0.1032 	0.0810 	0.7666 	0.7519	0.04291	0.04349	0.05027	0.05092	0.07900	0.08012	0.08667	0.08786	0.17121	0.17377	0.21340	0.25057	0.25452	0.29688	
46.0 	 0.0 	25.0	0.1311 	0.6805 	0.1073 	0.0811 	0.7616 	0.7567	0.04270	0.04328	0.05012	0.05076	0.07853	0.07964	0.08626	0.08744	0.17085	0.17341	0.21339	0.24972	0.25366	0.29640	
47.0 	 0.0 	25.0	0.1321 	0.6752 	0.1114 	0.0812 	0.7565 	0.7614	0.04249	0.04306	0.04997	0.05061	0.07805	0.07915	0.08584	0.08702	0.17052	0.17307	0.21343	0.24889	0.25281	0.29597	
48.0 	 0.0 	25.0	0.1332 	0.6699 	0.1156 	0.0812 	0.7511 	0.7660	0.04228	0.04285	0.04983	0.05046	0.07756	0.07866	0.08543	0.08660	0.17022	0.17277	0.21353	0.24807	0.25199	0.29559	
49.0 	 0.0 	25.0	0.1344 	0.6644 	0.1200 	0.0811 	0.7456 	0.7705	0.04207	0.04263	0.04969	0.05032	0.07707	0.07816	0.08501	0.08618	0.16995	0.17249	0.21369	0.24727	0.25117	0.29525	
50.0 	 0.0 	25.0	0.1358 	0.6588 	0.1244 	0.0810 	0.7398 	0.7749	0.04185	0.04241	0.04955	0.05018	0.07657	0.07765	0.08459	0.08575	0.16970	0.17223	0.21391	0.24648	0.25037	0.29496	
51.0 	 0.0 	25.0	0.1372 	0.6530 	0.1290 	0.0808 	0.7338 	0.7792	0.04163	0.04219	0.04942	0.05004	0.07605	0.07713	0.08417	0.08532	0.16947	0.17200	0.21418	0.24569	0.24958	0.29471	
52.0 	 0.0 	25.0	0.1387 	0.6470 	0.1337 	0.0805 	0.7275 	0.7834	0.04141	0.04197	0.04929	0.04991	0.07552	0.07660	0.08374	0.08488	0.16926	0.17179	0.21451	0.24491	0.24879	0.29451	
53.0 	 0.0 	25.0	0.1404 	0.6409 	0.1386 	0.0801 	0.7210 	0.7875	0.04119	0.04174	0.04916	0.04978	0.07498	0.07605	0.08330	0.08444	0.16908	0.17160	0.21491	0.24413	0.24800	0.29434	
54.0 	 0.0 	25.0	0.1422 	0.6345 	0.1437 	0.0797 	0.7141 	0.7916	0.04096	0.04150	0.04904	0.04965	0.07442	0.07548	0.08285	0.08398	0.16892	0.17143	0.21536	0.24335	0.24721	0.29422	
55.0 	 0.0 	25.0	0.1441 	0.6278 	0.1489 	0.0791 	0.7069 	0.7957	0.04072	0.04126	0.04892	0.04953	0.07384	0.07489	0.08239	0.08351	0.16878	0.17129	0.21588	0.24257	0.24642	0.29414	
56.0 	 0.0 	25.0	0.1462 	0.6209 	0.1544 	0.0785 	0.6994 	0.7996	0.04048	0.04102	0.04880	0.04940	0.07325	0.07429	0.08192	0.08303	0.16866	0.17116	0.21646	0.24179	0.24563	0.29410	
57.0 	 0.0 	25.0	0.1484 	0.6137 	0.1601 	0.0779 	0.6915 	0.8036	0.04023	0.04076	0.04868	0.04928	0.07263	0.07366	0.08143	0.08254	0.16856	0.17106	0.21712	0.24100	0.24483	0.29411	
58.0 	 0.0 	25.0	0.1508 	0.6061 	0.1660 	0.0771 	0.6832 	0.8075	0.03997	0.04050	0.04856	0.04916	0.07198	0.07300	0.08093	0.08203	0.16848	0.17098	0.21784	0.24019	0.24402	0.29416	
59.0 	 0.0 	25.0	0.1533 	0.5983 	0.1722 	0.0762 	0.6745 	0.8113	0.03970	0.04023	0.04844	0.04904	0.07131	0.07232	0.08042	0.08151	0.16842	0.17092	0.21864	0.23938	0.24320	0.29426	
60.0 	 0.0 	25.0	0.1561 	0.5900 	0.1787 	0.0753 	0.6653 	0.8152	0.03943	0.03995	0.04832	0.04891	0.07061	0.07161	0.07988	0.08096	0.16839	0.17089	0.21952	0.23855	0.24236	0.29440	
61.0 	 0.0 	25.0	0.1590 	0.5813 	0.1855 	0.0742 	0.6555 	0.8190	0.03914	0.03966	0.04821	0.04879	0.06987	0.07086	0.07932	0.08039	0.16837	0.17088	0.22049	0.23771	0.24151	0.29459	
62.0 	 0.0 	25.0	0.1621 	0.5722 	0.1927 	0.0731 	0.6452 	0.8228	0.03884	0.03935	0.04809	0.04867	0.06910	0.07008	0.07874	0.07980	0.16839	0.17089	0.22155	0.23684	0.24064	0.29483	
63.0 	 0.0 	25.0	0.1655 	0.5625 	0.2002 	0.0718 	0.6343 	0.8267	0.03853	0.03903	0.04797	0.04855	0.06829	0.06926	0.07813	0.07918	0.16842	0.17092	0.22270	0.23595	0.23974	0.29513	
64.0 	 0.0 	25.0	0.1691 	0.5523 	0.2082 	0.0704 	0.6227 	0.8306	0.03820	0.03870	0.04785	0.04843	0.06744	0.06839	0.07750	0.07854	0.16848	0.17099	0.22396	0.23504	0.23882	0.29548	
65.0 	 0.0 	25.0	0.1730 	0.5415 	0.2166 	0.0689 	0.6104 	0.8345	0.03785	0.03835	0.04773	0.04830	0.06654	0.06748	0.07683	0.07786	0.16857	0.17108	0.22534	0.23409	0.23786	0.29590	
66.0 	 0.0 	25.0	0.1772 	0.5301 	0.2256 	0.0672 	0.5973 	0.8385	0.03749	0.03798	0.04761	0.04817	0.06558	0.06651	0.07613	0.07714	0.16869	0.17120	0.22684	0.23311	0.23688	0.29638	
67.0 	 0.0 	25.0	0.1817 	0.5179 	0.2351 	0.0654 	0.5833 	0.8426	0.03711	0.03759	0.04749	0.04805	0.06457	0.06548	0.07539	0.07639	0.16884	0.17135	0.22847	0.23209	0.23585	0.29693	
68.0 	 0.0 	25.0	0.1865 	0.5049 	0.2452 	0.0634 	0.5683 	0.8468	0.03670	0.03717	0.04736	0.04792	0.06350	0.06439	0.07460	0.07559	0.16902	0.17153	0.23026	0.23103	0.23478	0.29756	
70.0 	 0.0 	25.0	0.1974 	0.4761 	0.2676 	0.0589 	0.5350 	0.8557	0.03581	0.03626	0.04710	0.04764	0.06113	0.06199	0.07289	0.07384	0.16949	0.17202	0.23431	0.22874	0.23248	0.29906	
 0.0 	180.0 	25.0	0.0793 	0.7655 	0.0313 	0.1239 	0.8894 	0.4688	0.04435	0.04496	0.04885	0.04949	0.08461	0.08581	0.08935	0.09060	0.16123	0.16352	0.18747	0.24834	0.25207	0.27815	
 5.0 	180.0 	25.0	0.0762 	0.7578 	0.0409 	0.1251 	0.8830 	0.4960	0.04380	0.04439	0.04813	0.04875	0.08365	0.08483	0.08822	0.08943	0.15859	0.16082	0.18402	0.24471	0.24836	0.27363	
10.0 	180.0 	25.0	0.0732 	0.7514 	0.0491 	0.1263 	0.8777 	0.5138	0.04332	0.04390	0.04750	0.04811	0.08283	0.08400	0.08725	0.08845	0.15638	0.15858	0.18113	0.24178	0.24538	0.26998	
20.0 	180.0 	25.0	0.0705 	0.7348 	0.0678 	0.1269 	0.8617 	0.5595	0.04234	0.04292	0.04641	0.04702	0.08100	0.08216	0.08532	0.08650	0.15303	0.15521	0.17747	0.23675	0.24032	0.26469	
21.0 	180.0 	25.0	0.0710 	0.7318 	0.0707 	0.1266 	0.8584 	0.5702	0.04222	0.04279	0.04631	0.04692	0.08072	0.08187	0.08507	0.08625	0.15282	0.15500	0.17745	0.23626	0.23983	0.26441	
22.0 	180.0 	25.0	0.0714 	0.7287 	0.0736 	0.1262 	0.8549 	0.5812	0.04209	0.04266	0.04621	0.04682	0.08043	0.08158	0.08481	0.08599	0.15261	0.15479	0.17745	0.23576	0.23934	0.26415	
23.0 	180.0 	25.0	0.0719 	0.7255 	0.0766 	0.1259 	0.8514 	0.5923	0.04195	0.04253	0.04612	0.04672	0.08014	0.08129	0.08455	0.08573	0.15241	0.15459	0.17747	0.23526	0.23884	0.26389	
24.0 	180.0 	25.0	0.0725 	0.7223 	0.0797 	0.1255 	0.8479 	0.6031	0.04182	0.04240	0.04602	0.04662	0.07984	0.08099	0.08429	0.08547	0.15220	0.15439	0.17750	0.23476	0.23834	0.26364	
25.0 	180.0 	25.0	0.0730 	0.7191 	0.0827 	0.1252 	0.8443 	0.6136	0.04169	0.04226	0.04592	0.04652	0.07954	0.08069	0.08403	0.08521	0.15200	0.15419	0.17751	0.23426	0.23784	0.26338	
26.0 	180.0 	25.0	0.0735 	0.7159 	0.0857 	0.1248 	0.8408 	0.6236	0.04155	0.04213	0.04581	0.04642	0.07924	0.08039	0.08377	0.08494	0.15179	0.15398	0.17753	0.23375	0.23733	0.26311	
27.0 	180.0 	25.0	0.0740 	0.7127 	0.0888 	0.1245 	0.8372 	0.6332	0.04142	0.04199	0.04571	0.04632	0.07895	0.08009	0.08351	0.08468	0.15158	0.15378	0.17754	0.23324	0.23682	0.26284	
28.0 	180.0 	25.0	0.0745 	0.7095 	0.0918 	0.1242 	0.8337 	0.6423	0.04128	0.04186	0.04561	0.04621	0.07865	0.07979	0.08324	0.08442	0.15136	0.15356	0.17754	0.23272	0.23631	0.26257	
29.0 	180.0 	25.0	0.0750 	0.7064 	0.0948 	0.1239 	0.8302 	0.6510	0.04115	0.04172	0.04551	0.04611	0.07835	0.07949	0.08298	0.08415	0.15115	0.15335	0.17753	0.23221	0.23580	0.26228	
30.0 	180.0 	25.0	0.0754 	0.7032 	0.0978 	0.1235 	0.8267 	0.6592	0.04101	0.04158	0.04541	0.04601	0.07805	0.07919	0.08272	0.08389	0.15093	0.15313	0.17753	0.23169	0.23528	0.26200	
31.0 	180.0 	25.0	0.0759 	0.7000 	0.1009 	0.1232 	0.8232 	0.6671	0.04088	0.04145	0.04530	0.04590	0.07775	0.07889	0.08245	0.08362	0.15070	0.15291	0.17752	0.23117	0.23476	0.26171	
32.0 	180.0 	25.0	0.0764 	0.6968 	0.1040 	0.1229 	0.8196 	0.6747	0.04074	0.04131	0.04520	0.04580	0.07745	0.07858	0.08218	0.08335	0.15048	0.15269	0.17752	0.23064	0.23423	0.26142	
33.0 	180.0 	25.0	0.0769 	0.6935 	0.1070 	0.1225 	0.8161 	0.6819	0.04060	0.04117	0.04509	0.04569	0.07715	0.07828	0.08191	0.08308	0.15026	0.15247	0.17751	0.23011	0.23370	0.26113	
34.0 	180.0 	25.0	0.0774 	0.6902 	0.1102 	0.1222 	0.8124 	0.6889	0.04046	0.04103	0.04499	0.04558	0.07684	0.07796	0.08164	0.08280	0.15003	0.15225	0.17751	0.22957	0.23317	0.26084	
35.0 	180.0 	25.0	0.0779 	0.6869 	0.1134 	0.1218 	0.8087 	0.6956	0.04032	0.04089	0.04488	0.04548	0.07653	0.07765	0.08137	0.08253	0.14980	0.15202	0.17751	0.22903	0.23262	0.26055	
36.0 	180.0 	25.0	0.0784 	0.6835 	0.1166 	0.1214 	0.8050 	0.7021	0.04018	0.04075	0.04477	0.04537	0.07621	0.07733	0.08109	0.08224	0.14957	0.15179	0.17751	0.22848	0.23208	0.26026	
37.0 	180.0 	25.0	0.0790 	0.6801 	0.1199 	0.1211 	0.8011 	0.7083	0.04004	0.04060	0.04466	0.04526	0.07589	0.07701	0.08080	0.08196	0.14934	0.15157	0.17752	0.22792	0.23152	0.25996	
38.0 	180.0 	25.0	0.0796 	0.6766 	0.1232 	0.1207 	0.7972 	0.7143	0.03989	0.04045	0.04455	0.04515	0.07556	0.07667	0.08052	0.08167	0.14911	0.15134	0.17754	0.22736	0.23096	0.25967	
39.0 	180.0 	25.0	0.0801 	0.6730 	0.1267 	0.1202 	0.7932 	0.7202	0.03974	0.04030	0.04444	0.04503	0.07523	0.07634	0.08022	0.08137	0.14888	0.15111	0.17757	0.22678	0.23038	0.25938	
40.0 	180.0 	25.0	0.0808 	0.6693 	0.1302 	0.1198 	0.7891 	0.7258	0.03959	0.04014	0.04433	0.04492	0.07489	0.07599	0.07992	0.08107	0.14865	0.15088	0.17760	0.22620	0.22980	0.25909	
41.0 	180.0 	25.0	0.0814 	0.6655 	0.1338 	0.1193 	0.7849 	0.7313	0.03943	0.03999	0.04421	0.04480	0.07454	0.07564	0.07962	0.08076	0.14841	0.15065	0.17764	0.22561	0.22921	0.25879	
42.0 	180.0 	25.0	0.0821 	0.6616 	0.1374 	0.1189 	0.7805 	0.7367	0.03927	0.03982	0.04410	0.04469	0.07418	0.07527	0.07930	0.08044	0.14818	0.15041	0.17769	0.22501	0.22861	0.25850	
43.0 	180.0 	25.0	0.0828 	0.6577 	0.1412 	0.1183 	0.7760 	0.7419	0.03911	0.03966	0.04398	0.04457	0.07381	0.07490	0.07898	0.08012	0.14794	0.15018	0.17775	0.22439	0.22799	0.25821	
44.0 	180.0 	25.0	0.0835 	0.6536 	0.1451 	0.1178 	0.7714 	0.7469	0.03894	0.03949	0.04386	0.04444	0.07343	0.07452	0.07866	0.07979	0.14770	0.14994	0.17783	0.22376	0.22736	0.25792	
45.0 	180.0 	25.0	0.0843 	0.6493 	0.1492 	0.1172 	0.7666 	0.7519	0.03876	0.03931	0.04373	0.04432	0.07304	0.07412	0.07832	0.07945	0.14746	0.14970	0.17791	0.22312	0.22672	0.25763	
46.0 	180.0 	25.0	0.0851 	0.6450 	0.1533 	0.1166 	0.7616 	0.7567	0.03859	0.03913	0.04361	0.04419	0.07264	0.07372	0.07797	0.07910	0.14722	0.14946	0.17800	0.22246	0.22606	0.25734	
47.0 	180.0 	25.0	0.0859 	0.6404 	0.1576 	0.1160 	0.7565 	0.7614	0.03840	0.03895	0.04348	0.04406	0.07222	0.07330	0.07761	0.07873	0.14697	0.14922	0.17811	0.22178	0.22538	0.25705	
48.0 	180.0 	25.0	0.0868 	0.6358 	0.1620 	0.1154 	0.7511 	0.7660	0.03821	0.03876	0.04335	0.04393	0.07179	0.07286	0.07724	0.07836	0.14672	0.14897	0.17823	0.22109	0.22469	0.25676	
49.0 	180.0 	25.0	0.0878 	0.6309 	0.1666 	0.1146 	0.7456 	0.7705	0.03802	0.03856	0.04321	0.04379	0.07135	0.07241	0.07686	0.07798	0.14647	0.14872	0.17837	0.22037	0.22397	0.25647	
50.0 	180.0 	25.0	0.0888 	0.6259 	0.1714 	0.1139 	0.7398 	0.7749	0.03782	0.03836	0.04307	0.04365	0.07089	0.07195	0.07647	0.07758	0.14621	0.14847	0.17852	0.21964	0.22324	0.25617	
51.0 	180.0 	25.0	0.0898 	0.6207 	0.1764 	0.1131 	0.7338 	0.7792	0.03761	0.03814	0.04293	0.04351	0.07041	0.07146	0.07606	0.07717	0.14595	0.14821	0.17868	0.21888	0.22248	0.25588	
52.0 	180.0 	25.0	0.0909 	0.6152 	0.1816 	0.1123 	0.7275 	0.7834	0.03739	0.03793	0.04278	0.04336	0.06991	0.07096	0.07564	0.07674	0.14568	0.14795	0.17886	0.21809	0.22169	0.25558	
53.0 	180.0 	25.0	0.0921 	0.6096 	0.1870 	0.1114 	0.7210 	0.7875	0.03717	0.03770	0.04263	0.04321	0.06940	0.07044	0.07520	0.07629	0.14541	0.14768	0.17906	0.21728	0.22088	0.25528	
54.0 	180.0 	25.0	0.0933 	0.6037 	0.1926 	0.1104 	0.7141 	0.7916	0.03693	0.03746	0.04248	0.04305	0.06886	0.06989	0.07475	0.07583	0.14513	0.14741	0.17928	0.21644	0.22004	0.25497	
55.0 	180.0 	25.0	0.0946 	0.5975 	0.1985 	0.1094 	0.7069 	0.7957	0.03669	0.03721	0.04231	0.04288	0.06830	0.06932	0.07427	0.07535	0.14484	0.14712	0.17952	0.21556	0.21916	0.25466	
56.0 	180.0 	25.0	0.0959 	0.5910 	0.2046 	0.1084 	0.6994 	0.7996	0.03643	0.03696	0.04214	0.04271	0.06771	0.06873	0.07377	0.07485	0.14455	0.14684	0.17977	0.21465	0.21825	0.25435	
57.0 	180.0 	25.0	0.0974 	0.5843 	0.2111 	0.1073 	0.6915 	0.8036	0.03617	0.03669	0.04197	0.04253	0.06710	0.06811	0.07325	0.07432	0.14425	0.14654	0.18005	0.21370	0.21730	0.25403	
58.0 	180.0 	25.0	0.0989 	0.5772 	0.2179 	0.1061 	0.6832 	0.8075	0.03589	0.03640	0.04179	0.04235	0.06645	0.06745	0.07271	0.07377	0.14393	0.14623	0.18035	0.21271	0.21631	0.25370	
59.0 	180.0 	25.0	0.1005 	0.5697 	0.2250 	0.1048 	0.6745 	0.8113	0.03560	0.03611	0.04159	0.04215	0.06577	0.06677	0.07214	0.07320	0.14361	0.14591	0.18067	0.21167	0.21528	0.25337	
60.0 	180.0 	25.0	0.1023 	0.5618 	0.2325 	0.1034 	0.6653 	0.8152	0.03529	0.03580	0.04140	0.04195	0.06506	0.06605	0.07154	0.07259	0.14327	0.14558	0.18102	0.21059	0.21419	0.25302	
61.0 	180.0 	25.0	0.1041 	0.5536 	0.2404 	0.1020 	0.6555 	0.8190	0.03497	0.03547	0.04119	0.04174	0.06431	0.06529	0.07091	0.07195	0.14292	0.14524	0.18140	0.20945	0.21305	0.25267	
62.0 	180.0 	25.0	0.1060 	0.5448 	0.2488 	0.1004 	0.6452 	0.8228	0.03463	0.03512	0.04097	0.04152	0.06352	0.06449	0.07025	0.07128	0.14256	0.14488	0.18180	0.20825	0.21185	0.25230	
63.0 	180.0 	25.0	0.1081 	0.5356 	0.2576 	0.0987 	0.6343 	0.8267	0.03427	0.03476	0.04073	0.04128	0.06269	0.06364	0.06955	0.07057	0.14218	0.14451	0.18224	0.20699	0.21059	0.25192	
64.0 	180.0 	25.0	0.1102 	0.5258 	0.2670 	0.0970 	0.6227 	0.8306	0.03389	0.03437	0.04049	0.04103	0.06180	0.06274	0.06881	0.06982	0.14178	0.14412	0.18271	0.20565	0.20925	0.25152	
65.0 	180.0 	25.0	0.1126 	0.5154 	0.2770 	0.0950 	0.6104 	0.8345	0.03348	0.03396	0.04023	0.04077	0.06086	0.06179	0.06802	0.06902	0.14136	0.14370	0.18321	0.20423	0.20783	0.25111	
66.0 	180.0 	25.0	0.1150 	0.5043 	0.2877 	0.0930 	0.5973 	0.8385	0.03305	0.03353	0.03996	0.04049	0.05986	0.06077	0.06718	0.06817	0.14091	0.14327	0.18375	0.20273	0.20633	0.25067	
67.0 	180.0 	25.0	0.1177 	0.4924 	0.2990 	0.0908 	0.5833 	0.8426	0.03259	0.03306	0.03966	0.04020	0.05879	0.05969	0.06629	0.06727	0.14044	0.14280	0.18433	0.20112	0.20472	0.25020	
68.0 	180.0 	25.0	0.1205 	0.4798 	0.3112 	0.0885 	0.5683 	0.8468	0.03210	0.03256	0.03935	0.03988	0.05765	0.05853	0.06534	0.06630	0.13993	0.14230	0.18495	0.19941	0.20300	0.24970	
70.0 	180.0 	25.0	0.1268 	0.4517 	0.3382 	0.0833 	0.5350 	0.8557	0.03101	0.03146	0.03866	0.03917	0.05511	0.05596	0.06321	0.06415	0.13880	0.14119	0.18632	0.19559	0.19919	0.24860	
 0.0 	 0.0 	35.0	0.0653 	0.7265 	0.0453 	0.1629 	0.8894 	0.4688	0.04175	0.04217	0.04551	0.04595	0.08010	0.08094	0.08409	0.08496	0.14775	0.14937	0.17020	0.22944	0.23209	0.25523	
 5.0 	 0.0 	35.0	0.0729 	0.7237 	0.0441 	0.1593 	0.8830 	0.4960	0.04198	0.04240	0.04614	0.04658	0.08017	0.08100	0.08456	0.08541	0.15016	0.15180	0.17458	0.23141	0.23405	0.25912	
10.0 	 0.0 	35.0	0.0810 	0.7224 	0.0413 	0.1553 	0.8777 	0.5138	0.04233	0.04274	0.04691	0.04736	0.08044	0.08126	0.08525	0.08611	0.15314	0.15481	0.17969	0.23421	0.23689	0.26406	
20.0 	 0.0 	35.0	0.1027 	0.7200 	0.0356 	0.1417 	0.8617 	0.5595	0.04330	0.04373	0.04905	0.04952	0.08127	0.08210	0.08725	0.08813	0.16170	0.16352	0.19420	0.24259	0.24543	0.27847	
21.0 	 0.0 	35.0	0.1058 	0.7192 	0.0358 	0.1391 	0.8584 	0.5702	0.04342	0.04385	0.04934	0.04981	0.08135	0.08218	0.08750	0.08838	0.16290	0.16476	0.19630	0.24374	0.24661	0.28054	
22.0 	 0.0 	35.0	0.1090 	0.7185 	0.0361 	0.1364 	0.8549 	0.5812	0.04355	0.04398	0.04964	0.05012	0.08144	0.08227	0.08777	0.08865	0.16419	0.16607	0.19851	0.24498	0.24789	0.28274	
23.0 	 0.0 	35.0	0.1124 	0.7180 	0.0362 	0.1334 	0.8514 	0.5923	0.04370	0.04413	0.04997	0.05046	0.08156	0.08239	0.08807	0.08896	0.16556	0.16748	0.20086	0.24633	0.24928	0.28509	
24.0 	 0.0 	35.0	0.1158 	0.7178 	0.0363 	0.1301 	0.8479 	0.6031	0.04386	0.04430	0.05032	0.05082	0.08170	0.08253	0.08840	0.08930	0.16703	0.16899	0.20335	0.24780	0.25079	0.28760	
25.0 	 0.0 	35.0	0.1195 	0.7178 	0.0362 	0.1265 	0.8443 	0.6136	0.04405	0.04449	0.05071	0.05121	0.08189	0.08272	0.08879	0.08970	0.16861	0.17061	0.20599	0.24942	0.25245	0.29030	
26.0 	 0.0 	35.0	0.1233 	0.7182 	0.0360 	0.1225 	0.8408 	0.6236	0.04427	0.04471	0.05113	0.05164	0.08212	0.08296	0.08923	0.09015	0.17033	0.17238	0.20881	0.25121	0.25430	0.29323	
27.0 	 0.0 	35.0	0.1272 	0.7191 	0.0355 	0.1181 	0.8372 	0.6332	0.04451	0.04496	0.05159	0.05212	0.08241	0.08325	0.08974	0.09067	0.17221	0.17432	0.21187	0.25322	0.25636	0.29643	
28.0 	 0.0 	35.0	0.1315 	0.7206 	0.0348 	0.1131 	0.8337 	0.6423	0.04481	0.04526	0.05212	0.05266	0.08277	0.08362	0.09033	0.09127	0.17431	0.17648	0.21522	0.25550	0.25871	0.29999	
29.0 	 0.0 	35.0	0.1360 	0.7229 	0.0338 	0.1073 	0.8302 	0.6510	0.04515	0.04562	0.05271	0.05326	0.08323	0.08408	0.09104	0.09199	0.17667	0.17892	0.21893	0.25812	0.26142	0.30400	
30.0 	 0.0 	35.0	0.1410 	0.7261 	0.0323 	0.1006 	0.8267 	0.6592	0.04557	0.04605	0.05340	0.05397	0.08380	0.08467	0.09189	0.09286	0.17940	0.18174	0.22314	0.26121	0.26460	0.30860	
31.0 	 0.0 	35.0	0.1466 	0.7308 	0.0302 	0.0924 	0.8232 	0.6671	0.04609	0.04658	0.05422	0.05482	0.08455	0.08543	0.09294	0.09394	0.18263	0.18508	0.22805	0.26494	0.26845	0.31404	
32.0 	 0.0 	35.0	0.1530 	0.7375 	0.0274 	0.0822 	0.8196 	0.6747	0.04676	0.04726	0.05523	0.05586	0.08555	0.08644	0.09429	0.09532	0.18660	0.18920	0.23397	0.26963	0.27330	0.32072	
33.0 	 0.0 	35.0	0.1608 	0.7476 	0.0232 	0.0685 	0.8161 	0.6819	0.04767	0.04819	0.05656	0.05724	0.08696	0.08787	0.09612	0.09719	0.19177	0.19458	0.24154	0.27587	0.27975	0.32940	
34.0 	 0.0 	35.0	0.1711 	0.7643 	0.0165 	0.0481 	0.8124 	0.6889	0.04905	0.04960	0.05850	0.05925	0.08917	0.09012	0.09889	0.10004	0.19930	0.20243	0.25234	0.28514	0.28937	0.34200	
35.0 	 0.0 	35.0	0.1913 	0.8087 	0.0000 	0.0000 	0.8087 	0.6956	0.05233	0.05299	0.06289	0.06383	0.09467	0.09572	0.10550	0.10685	0.21635	0.22033	0.27609	0.30679	0.31190	0.37047	
36.0 	 0.0 	35.0	0.1719 	0.7626 	0.0232 	0.0424 	0.8050 	0.7021	0.04900	0.04955	0.05851	0.05926	0.08902	0.08997	0.09880	0.09995	0.19953	0.20269	0.25299	0.28523	0.28948	0.34256	
37.0 	 0.0 	35.0	0.1630 	0.7426 	0.0359 	0.0585 	0.8011 	0.7083	0.04753	0.04805	0.05657	0.05725	0.08656	0.08746	0.09587	0.09695	0.19228	0.19514	0.24307	0.27596	0.27989	0.33060	
38.0 	 0.0 	35.0	0.1571 	0.7286 	0.0457 	0.0686 	0.7972 	0.7143	0.04652	0.04702	0.05526	0.05589	0.08484	0.08572	0.09385	0.09488	0.18743	0.19010	0.23651	0.26969	0.27342	0.32261	
39.0 	 0.0 	35.0	0.1527 	0.7176 	0.0540 	0.0756 	0.7932 	0.7202	0.04574	0.04623	0.05426	0.05486	0.08350	0.08437	0.09229	0.09329	0.18381	0.18636	0.23169	0.26496	0.26855	0.31668	
40.0 	 0.0 	35.0	0.1495 	0.7082 	0.0614 	0.0809 	0.7891 	0.7258	0.04511	0.04558	0.05345	0.05404	0.08239	0.08324	0.09102	0.09199	0.18095	0.18340	0.22795	0.26116	0.26466	0.31202	
41.0 	 0.0 	35.0	0.1470 	0.6999 	0.0682 	0.0849 	0.7849 	0.7313	0.04456	0.04502	0.05278	0.05335	0.08143	0.08227	0.08993	0.09089	0.17861	0.18099	0.22497	0.25800	0.26141	0.30823	
42.0 	 0.0 	35.0	0.1450 	0.6924 	0.0745 	0.0881 	0.7805 	0.7367	0.04408	0.04454	0.05221	0.05276	0.08057	0.08140	0.08898	0.08992	0.17665	0.17897	0.22253	0.25529	0.25864	0.30506	
43.0 	 0.0 	35.0	0.1436 	0.6854 	0.0804 	0.0906 	0.7760 	0.7419	0.04366	0.04410	0.05171	0.05225	0.07978	0.08061	0.08813	0.08905	0.17497	0.17724	0.22050	0.25293	0.25622	0.30236	
44.0 	 0.0 	35.0	0.1424 	0.6788 	0.0862 	0.0926 	0.7714 	0.7469	0.04326	0.04371	0.05127	0.05180	0.07905	0.07987	0.08735	0.08826	0.17351	0.17574	0.21881	0.25082	0.25407	0.30004	
45.0 	 0.0 	35.0	0.1416 	0.6724 	0.0918 	0.0942 	0.7666 	0.7519	0.04290	0.04334	0.05087	0.05139	0.07837	0.07918	0.08663	0.08753	0.17223	0.17443	0.21739	0.24891	0.25213	0.29802	
46.0 	 0.0 	35.0	0.1411 	0.6662 	0.0973 	0.0954 	0.7616 	0.7567	0.04256	0.04299	0.05051	0.05102	0.07771	0.07851	0.08595	0.08685	0.17110	0.17327	0.21620	0.24717	0.25036	0.29624	
47.0 	 0.0 	35.0	0.1408 	0.6601 	0.1028 	0.0964 	0.7565 	0.7614	0.04224	0.04266	0.05018	0.05069	0.07707	0.07787	0.08531	0.08620	0.17008	0.17224	0.21520	0.24557	0.24873	0.29467	
48.0 	 0.0 	35.0	0.1407 	0.6540 	0.1082 	0.0971 	0.7511 	0.7660	0.04193	0.04235	0.04988	0.05038	0.07645	0.07724	0.08470	0.08558	0.16918	0.17131	0.21436	0.24407	0.24721	0.29328	
49.0 	 0.0 	35.0	0.1408 	0.6480 	0.1137 	0.0976 	0.7456 	0.7705	0.04163	0.04205	0.04959	0.05009	0.07584	0.07663	0.08411	0.08498	0.16836	0.17047	0.21368	0.24267	0.24578	0.29204	
50.0 	 0.0 	35.0	0.1410 	0.6419 	0.1191 	0.0979 	0.7398 	0.7749	0.04134	0.04175	0.04933	0.04982	0.07524	0.07602	0.08354	0.08440	0.16762	0.16972	0.21313	0.24134	0.24444	0.29093	
51.0 	 0.0 	35.0	0.1415 	0.6357 	0.1247 	0.0981 	0.7338 	0.7792	0.04105	0.04146	0.04908	0.04956	0.07464	0.07541	0.08298	0.08383	0.16695	0.16903	0.21270	0.24008	0.24316	0.28994	
52.0 	 0.0 	35.0	0.1422 	0.6295 	0.1303 	0.0981 	0.7275 	0.7834	0.04077	0.04118	0.04884	0.04932	0.07403	0.07480	0.08242	0.08327	0.16633	0.16841	0.21239	0.23887	0.24193	0.28906	
53.0 	 0.0 	35.0	0.1430 	0.6231 	0.1361 	0.0979 	0.7210 	0.7875	0.04049	0.04090	0.04862	0.04909	0.07343	0.07419	0.08187	0.08272	0.16578	0.16785	0.21219	0.23770	0.24075	0.28828	
54.0 	 0.0 	35.0	0.1439 	0.6165 	0.1419 	0.0976 	0.7141 	0.7916	0.04021	0.04061	0.04840	0.04887	0.07281	0.07357	0.08133	0.08216	0.16527	0.16733	0.21208	0.23657	0.23961	0.28759	
55.0 	 0.0 	35.0	0.1451 	0.6098 	0.1480 	0.0971 	0.7069 	0.7957	0.03993	0.04033	0.04819	0.04866	0.07219	0.07294	0.08078	0.08161	0.16482	0.16687	0.21208	0.23547	0.23850	0.28698	
56.0 	 0.0 	35.0	0.1464 	0.6029 	0.1542 	0.0965 	0.6994 	0.7996	0.03965	0.04005	0.04800	0.04846	0.07155	0.07229	0.08023	0.08105	0.16440	0.16645	0.21217	0.23440	0.23742	0.28645	
57.0 	 0.0 	35.0	0.1479 	0.5957 	0.1606 	0.0958 	0.6915 	0.8036	0.03937	0.03976	0.04780	0.04827	0.07089	0.07163	0.07967	0.08049	0.16403	0.16607	0.21236	0.23334	0.23635	0.28600	
58.0 	 0.0 	35.0	0.1496 	0.5883 	0.1672 	0.0950 	0.6832 	0.8075	0.03908	0.03947	0.04762	0.04808	0.07022	0.07095	0.07911	0.07992	0.16369	0.16573	0.21264	0.23229	0.23530	0.28562	
59.0 	 0.0 	35.0	0.1514 	0.5805 	0.1741 	0.0940 	0.6745 	0.8113	0.03878	0.03917	0.04744	0.04789	0.06953	0.07025	0.07853	0.07934	0.16339	0.16543	0.21302	0.23126	0.23426	0.28531	
60.0 	 0.0 	35.0	0.1535 	0.5724 	0.1813 	0.0928 	0.6653 	0.8152	0.03848	0.03886	0.04726	0.04771	0.06881	0.06953	0.07795	0.07875	0.16313	0.16517	0.21349	0.23022	0.23322	0.28507	
61.0 	 0.0 	35.0	0.1557 	0.5640 	0.1888 	0.0915 	0.6555 	0.8190	0.03817	0.03855	0.04709	0.04754	0.06806	0.06877	0.07734	0.07813	0.16290	0.16494	0.21407	0.22919	0.23218	0.28489	
62.0 	 0.0 	35.0	0.1582 	0.5551 	0.1966 	0.0901 	0.6452 	0.8228	0.03785	0.03823	0.04692	0.04736	0.06728	0.06799	0.07672	0.07751	0.16270	0.16475	0.21475	0.22815	0.23114	0.28479	
63.0 	 0.0 	35.0	0.1609 	0.5458 	0.2048 	0.0885 	0.6343 	0.8267	0.03752	0.03789	0.04675	0.04719	0.06647	0.06717	0.07608	0.07686	0.16254	0.16459	0.21554	0.22711	0.23009	0.28475	
64.0 	 0.0 	35.0	0.1638 	0.5359 	0.2134 	0.0868 	0.6227 	0.8306	0.03718	0.03754	0.04658	0.04702	0.06562	0.06631	0.07541	0.07618	0.16242	0.16447	0.21644	0.22605	0.22903	0.28479	
65.0 	 0.0 	35.0	0.1671 	0.5256 	0.2225 	0.0848 	0.6104 	0.8345	0.03682	0.03718	0.04641	0.04685	0.06473	0.06540	0.07472	0.07548	0.16232	0.16438	0.21747	0.22497	0.22796	0.28490	
66.0 	 0.0 	35.0	0.1706 	0.5145 	0.2321 	0.0827 	0.5973 	0.8385	0.03644	0.03680	0.04625	0.04668	0.06378	0.06445	0.07399	0.07475	0.16227	0.16433	0.21862	0.22387	0.22686	0.28509	
67.0 	 0.0 	35.0	0.1744 	0.5029 	0.2423 	0.0804 	0.5833 	0.8426	0.03605	0.03641	0.04608	0.04652	0.06279	0.06345	0.07323	0.07398	0.16225	0.16432	0.21992	0.22275	0.22573	0.28535	
68.0 	 0.0 	35.0	0.1786 	0.4904 	0.2531 	0.0779 	0.5683 	0.8468	0.03564	0.03599	0.04592	0.04635	0.06173	0.06238	0.07243	0.07317	0.16227	0.16434	0.22136	0.22159	0.22458	0.28570	
70.0 	 0.0 	35.0	0.1880 	0.4630 	0.2770 	0.0720 	0.5350 	0.8557	0.03474	0.03508	0.04558	0.04600	0.05941	0.06004	0.07069	0.07141	0.16243	0.16452	0.22474	0.21915	0.22214	0.28667	
 0.0 	180.0 	35.0	0.0653 	0.7265 	0.0453 	0.1629 	0.8894 	0.4688	0.04175	0.04217	0.04551	0.04595	0.08010	0.08094	0.08409	0.08496	0.14775	0.14937	0.17020	0.22944	0.23209	0.25523	
 5.0 	180.0 	35.0	0.0622 	0.7201 	0.0548 	0.1629 	0.8830 	0.4960	0.04126	0.04167	0.04486	0.04529	0.07927	0.08009	0.08310	0.08394	0.14542	0.14701	0.16714	0.22629	0.22888	0.25129	
10.0 	180.0 	35.0	0.0593 	0.7147 	0.0630 	0.1630 	0.8777 	0.5138	0.04084	0.04124	0.04429	0.04472	0.07857	0.07937	0.08225	0.08308	0.14345	0.14502	0.16452	0.22371	0.22628	0.24805	
20.0 	180.0 	35.0	0.0562 	0.7000 	0.0821 	0.1617 	0.8617 	0.5595	0.03994	0.04034	0.04327	0.04369	0.07691	0.07771	0.08047	0.08129	0.14031	0.14188	0.16102	0.21912	0.22167	0.24314	
21.0 	180.0 	35.0	0.0565 	0.6972 	0.0851 	0.1612 	0.8584 	0.5702	0.03982	0.04022	0.04316	0.04359	0.07664	0.07744	0.08022	0.08105	0.14008	0.14165	0.16095	0.21862	0.22118	0.24282	
22.0 	180.0 	35.0	0.0568 	0.6943 	0.0882 	0.1607 	0.8549 	0.5812	0.03969	0.04009	0.04306	0.04348	0.07636	0.07716	0.07997	0.08079	0.13985	0.14143	0.16089	0.21812	0.22069	0.24252	
23.0 	180.0 	35.0	0.0572 	0.6913 	0.0914 	0.1601 	0.8514 	0.5923	0.03956	0.03996	0.04295	0.04338	0.07608	0.07687	0.07971	0.08054	0.13962	0.14120	0.16085	0.21761	0.22018	0.24222	
24.0 	180.0 	35.0	0.0576 	0.6883 	0.0946 	0.1595 	0.8479 	0.6031	0.03942	0.03982	0.04285	0.04327	0.07579	0.07658	0.07946	0.08028	0.13939	0.14098	0.16080	0.21711	0.21968	0.24191	
25.0 	180.0 	35.0	0.0579 	0.6853 	0.0978 	0.1590 	0.8443 	0.6136	0.03929	0.03969	0.04274	0.04317	0.07550	0.07630	0.07920	0.08002	0.13916	0.14075	0.16076	0.21660	0.21918	0.24161	
26.0 	180.0 	35.0	0.0583 	0.6823 	0.1010 	0.1584 	0.8408 	0.6236	0.03916	0.03956	0.04264	0.04306	0.07522	0.07601	0.07894	0.07976	0.13892	0.14052	0.16071	0.21608	0.21867	0.24130	
27.0 	180.0 	35.0	0.0586 	0.6793 	0.1042 	0.1579 	0.8372 	0.6332	0.03903	0.03943	0.04253	0.04295	0.07493	0.07572	0.07868	0.07950	0.13869	0.14029	0.16065	0.21557	0.21816	0.24099	
28.0 	180.0 	35.0	0.0590 	0.6764 	0.1073 	0.1573 	0.8337 	0.6423	0.03890	0.03930	0.04242	0.04285	0.07465	0.07544	0.07843	0.07924	0.13845	0.14005	0.16059	0.21506	0.21765	0.24068	
29.0 	180.0 	35.0	0.0593 	0.6734 	0.1105 	0.1568 	0.8302 	0.6510	0.03877	0.03916	0.04232	0.04274	0.07437	0.07515	0.07817	0.07899	0.13821	0.13982	0.16053	0.21454	0.21714	0.24036	
30.0 	180.0 	35.0	0.0596 	0.6705 	0.1137 	0.1563 	0.8267 	0.6592	0.03863	0.03903	0.04221	0.04263	0.07408	0.07487	0.07791	0.07873	0.13797	0.13958	0.16047	0.21403	0.21663	0.24004	
31.0 	180.0 	35.0	0.0599 	0.6675 	0.1169 	0.1557 	0.8232 	0.6671	0.03850	0.03890	0.04210	0.04252	0.07380	0.07458	0.07765	0.07847	0.13773	0.13934	0.16040	0.21351	0.21611	0.23972	
32.0 	180.0 	35.0	0.0603 	0.6645 	0.1201 	0.1551 	0.8196 	0.6747	0.03837	0.03877	0.04199	0.04242	0.07351	0.07429	0.07739	0.07821	0.13748	0.13910	0.16034	0.21298	0.21559	0.23939	
33.0 	180.0 	35.0	0.0606 	0.6615 	0.1233 	0.1546 	0.8161 	0.6819	0.03824	0.03863	0.04188	0.04231	0.07322	0.07400	0.07713	0.07794	0.13724	0.13886	0.16027	0.21246	0.21507	0.23907	
34.0 	180.0 	35.0	0.0610 	0.6584 	0.1266 	0.1540 	0.8124 	0.6889	0.03810	0.03850	0.04177	0.04220	0.07293	0.07371	0.07686	0.07768	0.13699	0.13862	0.16021	0.21192	0.21454	0.23874	
35.0 	180.0 	35.0	0.0613 	0.6553 	0.1300 	0.1534 	0.8087 	0.6956	0.03796	0.03836	0.04166	0.04208	0.07263	0.07341	0.07659	0.07741	0.13674	0.13838	0.16016	0.21139	0.21400	0.23841	
36.0 	180.0 	35.0	0.0617 	0.6522 	0.1334 	0.1528 	0.8050 	0.7021	0.03782	0.03822	0.04155	0.04197	0.07233	0.07311	0.07632	0.07713	0.13650	0.13813	0.16010	0.21084	0.21346	0.23809	
37.0 	180.0 	35.0	0.0621 	0.6490 	0.1368 	0.1522 	0.8011 	0.7083	0.03768	0.03808	0.04144	0.04186	0.07202	0.07280	0.07605	0.07686	0.13625	0.13789	0.16005	0.21029	0.21292	0.23776	
38.0 	180.0 	35.0	0.0625 	0.6457 	0.1403 	0.1515 	0.7972 	0.7143	0.03754	0.03793	0.04132	0.04174	0.07171	0.07248	0.07577	0.07657	0.13599	0.13764	0.16001	0.20973	0.21236	0.23743	
39.0 	180.0 	35.0	0.0629 	0.6423 	0.1439 	0.1509 	0.7932 	0.7202	0.03739	0.03778	0.04121	0.04163	0.07139	0.07216	0.07548	0.07629	0.13574	0.13739	0.15997	0.20917	0.21180	0.23710	
40.0 	180.0 	35.0	0.0633 	0.6389 	0.1476 	0.1502 	0.7891 	0.7258	0.03724	0.03763	0.04109	0.04151	0.07106	0.07183	0.07519	0.07599	0.13549	0.13714	0.15994	0.20859	0.21122	0.23677	
41.0 	180.0 	35.0	0.0638 	0.6354 	0.1514 	0.1494 	0.7849 	0.7313	0.03709	0.03748	0.04097	0.04139	0.07073	0.07150	0.07489	0.07569	0.13523	0.13689	0.15991	0.20800	0.21064	0.23643	
42.0 	180.0 	35.0	0.0643 	0.6318 	0.1552 	0.1487 	0.7805 	0.7367	0.03694	0.03732	0.04085	0.04127	0.07039	0.07115	0.07458	0.07539	0.13497	0.13663	0.15989	0.20740	0.21004	0.23610	
43.0 	180.0 	35.0	0.0648 	0.6281 	0.1592 	0.1479 	0.7760 	0.7419	0.03678	0.03716	0.04072	0.04114	0.07004	0.07080	0.07427	0.07507	0.13470	0.13637	0.15988	0.20679	0.20943	0.23576	
44.0 	180.0 	35.0	0.0653 	0.6243 	0.1633 	0.1471 	0.7714 	0.7469	0.03661	0.03700	0.04060	0.04101	0.06967	0.07043	0.07395	0.07475	0.13444	0.13611	0.15987	0.20616	0.20881	0.23543	
45.0 	180.0 	35.0	0.0659 	0.6203 	0.1675 	0.1463 	0.7666 	0.7519	0.03644	0.03683	0.04047	0.04088	0.06930	0.07006	0.07362	0.07442	0.13416	0.13584	0.15987	0.20552	0.20817	0.23508	
46.0 	180.0 	35.0	0.0665 	0.6162 	0.1719 	0.1454 	0.7616 	0.7567	0.03627	0.03665	0.04033	0.04075	0.06892	0.06967	0.07328	0.07407	0.13389	0.13557	0.15988	0.20486	0.20752	0.23474	
47.0 	180.0 	35.0	0.0671 	0.6120 	0.1764 	0.1444 	0.7565 	0.7614	0.03609	0.03647	0.04020	0.04061	0.06852	0.06927	0.07293	0.07372	0.13361	0.13530	0.15990	0.20418	0.20684	0.23439	
48.0 	180.0 	35.0	0.0678 	0.6076 	0.1811 	0.1435 	0.7511 	0.7660	0.03590	0.03628	0.04006	0.04047	0.06811	0.06886	0.07256	0.07336	0.13332	0.13502	0.15993	0.20349	0.20615	0.23404	
49.0 	180.0 	35.0	0.0685 	0.6031 	0.1859 	0.1425 	0.7456 	0.7705	0.03571	0.03609	0.03991	0.04033	0.06768	0.06843	0.07219	0.07298	0.13303	0.13473	0.15996	0.20277	0.20544	0.23368	
50.0 	180.0 	35.0	0.0692 	0.5984 	0.1910 	0.1414 	0.7398 	0.7749	0.03551	0.03589	0.03976	0.04018	0.06724	0.06798	0.07180	0.07259	0.13273	0.13444	0.16001	0.20203	0.20470	0.23331	
51.0 	180.0 	35.0	0.0700 	0.5935 	0.1962 	0.1403 	0.7338 	0.7792	0.03531	0.03568	0.03961	0.04003	0.06678	0.06752	0.07140	0.07218	0.13243	0.13414	0.16006	0.20126	0.20394	0.23294	
52.0 	180.0 	35.0	0.0708 	0.5884 	0.2017 	0.1391 	0.7275 	0.7834	0.03509	0.03547	0.03945	0.03987	0.06630	0.06704	0.07098	0.07176	0.13211	0.13383	0.16012	0.20046	0.20315	0.23256	
53.0 	180.0 	35.0	0.0717 	0.5831 	0.2073 	0.1379 	0.7210 	0.7875	0.03487	0.03525	0.03929	0.03970	0.06581	0.06654	0.07055	0.07133	0.13179	0.13351	0.16020	0.19964	0.20233	0.23217	
54.0 	180.0 	35.0	0.0726 	0.5775 	0.2133 	0.1366 	0.7141 	0.7916	0.03464	0.03501	0.03912	0.03953	0.06529	0.06601	0.07010	0.07087	0.13145	0.13319	0.16028	0.19878	0.20147	0.23177	
55.0 	180.0 	35.0	0.0736 	0.5717 	0.2195 	0.1352 	0.7069 	0.7957	0.03440	0.03477	0.03894	0.03936	0.06475	0.06547	0.06962	0.07039	0.13111	0.13285	0.16037	0.19789	0.20059	0.23136	
56.0 	180.0 	35.0	0.0746 	0.5656 	0.2260 	0.1338 	0.6994 	0.7996	0.03414	0.03451	0.03876	0.03917	0.06418	0.06489	0.06913	0.06990	0.13075	0.13250	0.16047	0.19696	0.19966	0.23093	
57.0 	180.0 	35.0	0.0757 	0.5593 	0.2328 	0.1323 	0.6915 	0.8036	0.03388	0.03424	0.03856	0.03898	0.06358	0.06429	0.06861	0.06937	0.13037	0.13213	0.16058	0.19598	0.19868	0.23048	
58.0 	180.0 	35.0	0.0768 	0.5525 	0.2400 	0.1307 	0.6832 	0.8075	0.03360	0.03396	0.03836	0.03877	0.06296	0.06366	0.06806	0.06882	0.12997	0.13174	0.16069	0.19495	0.19766	0.23000	
59.0 	180.0 	35.0	0.0780 	0.5455 	0.2475 	0.1290 	0.6745 	0.8113	0.03330	0.03367	0.03815	0.03855	0.06230	0.06300	0.06749	0.06825	0.12955	0.13133	0.16081	0.19386	0.19658	0.22951	
60.0 	180.0 	35.0	0.0792 	0.5380 	0.2555 	0.1272 	0.6653 	0.8152	0.03299	0.03335	0.03792	0.03833	0.06160	0.06229	0.06688	0.06763	0.12911	0.13089	0.16093	0.19271	0.19544	0.22898	
61.0 	180.0 	35.0	0.0805 	0.5301 	0.2639 	0.1254 	0.6555 	0.8190	0.03267	0.03302	0.03768	0.03809	0.06086	0.06155	0.06624	0.06699	0.12864	0.13044	0.16106	0.19151	0.19424	0.22842	
62.0 	180.0 	35.0	0.0819 	0.5218 	0.2728 	0.1234 	0.6452 	0.8228	0.03232	0.03267	0.03743	0.03783	0.06009	0.06077	0.06557	0.06631	0.12815	0.12995	0.16120	0.19023	0.19296	0.22784	
63.0 	180.0 	35.0	0.0834 	0.5130 	0.2823 	0.1213 	0.6343 	0.8267	0.03195	0.03230	0.03716	0.03756	0.05926	0.05994	0.06485	0.06559	0.12762	0.12944	0.16135	0.18887	0.19161	0.22722	
64.0 	180.0 	35.0	0.0850 	0.5036 	0.2923 	0.1191 	0.6227 	0.8306	0.03156	0.03191	0.03688	0.03728	0.05839	0.05906	0.06409	0.06482	0.12707	0.12890	0.16151	0.18743	0.19018	0.22656	
65.0 	180.0 	35.0	0.0867 	0.4936 	0.3029 	0.1168 	0.6104 	0.8345	0.03115	0.03149	0.03657	0.03697	0.05746	0.05812	0.06328	0.06400	0.12648	0.12832	0.16167	0.18590	0.18866	0.22585	
66.0 	180.0 	35.0	0.0885 	0.4830 	0.3143 	0.1142 	0.5973 	0.8385	0.03071	0.03105	0.03625	0.03665	0.05647	0.05712	0.06242	0.06313	0.12585	0.12771	0.16185	0.18427	0.18704	0.22511	
67.0 	180.0 	35.0	0.0904 	0.4717 	0.3264 	0.1116 	0.5833 	0.8426	0.03023	0.03057	0.03591	0.03631	0.05541	0.05605	0.06150	0.06221	0.12518	0.12705	0.16204	0.18253	0.18531	0.22431	
68.0 	180.0 	35.0	0.0924 	0.4596 	0.3393 	0.1087 	0.5683 	0.8468	0.02973	0.03006	0.03554	0.03594	0.05428	0.05491	0.06051	0.06122	0.12446	0.12635	0.16225	0.18067	0.18346	0.22346	
70.0 	180.0 	35.0	0.0970 	0.4327 	0.3681 	0.1023 	0.5350 	0.8557	0.02861	0.02894	0.03473	0.03512	0.05177	0.05238	0.05833	0.05901	0.12287	0.12479	0.16271	0.17654	0.17934	0.22157	
 0.0 	 0.0 	50.0	0.0464 	0.6600 	0.0642 	0.2294 	0.8894 	0.4688	0.03785	0.03813	0.04065	0.04094	0.07323	0.07379	0.07624	0.07682	0.12930	0.13042	0.14686	0.20339	0.20522	0.22406	
 5.0 	 0.0 	50.0	0.0525 	0.6560 	0.0645 	0.2269 	0.8830 	0.4960	0.03795	0.03822	0.04106	0.04135	0.07310	0.07365	0.07643	0.07700	0.13092	0.13204	0.15005	0.20448	0.20628	0.22667	
10.0 	 0.0 	50.0	0.0590 	0.6531 	0.0633 	0.2246 	0.8777 	0.5138	0.03812	0.03839	0.04158	0.04187	0.07312	0.07366	0.07679	0.07735	0.13298	0.13410	0.15380	0.20619	0.20800	0.23007	
20.0 	 0.0 	50.0	0.0760 	0.6445 	0.0624 	0.2172 	0.8617 	0.5595	0.03854	0.03881	0.04292	0.04322	0.07308	0.07361	0.07767	0.07823	0.13851	0.13968	0.16395	0.21089	0.21275	0.23946	
21.0 	 0.0 	50.0	0.0784 	0.6425 	0.0632 	0.2159 	0.8584 	0.5702	0.03857	0.03884	0.04308	0.04338	0.07300	0.07353	0.07773	0.07829	0.13923	0.14041	0.16536	0.21144	0.21331	0.24071	
22.0 	 0.0 	50.0	0.0809 	0.6405 	0.0642 	0.2144 	0.8549 	0.5812	0.03859	0.03887	0.04324	0.04354	0.07292	0.07345	0.07779	0.07835	0.13998	0.14117	0.16682	0.21201	0.21389	0.24202	
23.0 	 0.0 	50.0	0.0834 	0.6385 	0.0651 	0.2129 	0.8514 	0.5923	0.03862	0.03890	0.04341	0.04371	0.07284	0.07338	0.07786	0.07842	0.14076	0.14196	0.16834	0.21261	0.21450	0.24337	
24.0 	 0.0 	50.0	0.0861 	0.6365 	0.0661 	0.2113 	0.8479 	0.6031	0.03866	0.03893	0.04359	0.04389	0.07277	0.07330	0.07793	0.07850	0.14156	0.14278	0.16990	0.21323	0.21514	0.24477	
25.0 	 0.0 	50.0	0.0888 	0.6346 	0.0669 	0.2097 	0.8443 	0.6136	0.03870	0.03897	0.04378	0.04408	0.07271	0.07324	0.07802	0.07858	0.14239	0.14363	0.17150	0.21389	0.21581	0.24622	
26.0 	 0.0 	50.0	0.0915 	0.6327 	0.0678 	0.2080 	0.8408 	0.6236	0.03874	0.03901	0.04397	0.04428	0.07265	0.07318	0.07811	0.07868	0.14326	0.14450	0.17314	0.21459	0.21652	0.24772	
27.0 	 0.0 	50.0	0.0943 	0.6309 	0.0685 	0.2063 	0.8372 	0.6332	0.03879	0.03907	0.04418	0.04448	0.07260	0.07314	0.07822	0.07879	0.14415	0.14541	0.17483	0.21532	0.21727	0.24927	
28.0 	 0.0 	50.0	0.0971 	0.6292 	0.0691 	0.2046 	0.8337 	0.6423	0.03885	0.03912	0.04439	0.04470	0.07257	0.07310	0.07834	0.07892	0.14508	0.14636	0.17658	0.21610	0.21807	0.25088	
29.0 	 0.0 	50.0	0.1001 	0.6275 	0.0697 	0.2027 	0.8302 	0.6510	0.03891	0.03919	0.04461	0.04493	0.07254	0.07308	0.07848	0.07905	0.14605	0.14735	0.17838	0.21692	0.21891	0.25255	
30.0 	 0.0 	50.0	0.1031 	0.6259 	0.0702 	0.2008 	0.8267 	0.6592	0.03898	0.03926	0.04485	0.04517	0.07253	0.07306	0.07863	0.07921	0.14707	0.14838	0.18024	0.21780	0.21980	0.25430	
31.0 	 0.0 	50.0	0.1062 	0.6243 	0.0706 	0.1988 	0.8232 	0.6671	0.03906	0.03934	0.04510	0.04542	0.07252	0.07306	0.07880	0.07938	0.14813	0.14946	0.18218	0.21873	0.22075	0.25612	
32.0 	 0.0 	50.0	0.1094 	0.6229 	0.0710 	0.1967 	0.8196 	0.6747	0.03915	0.03943	0.04536	0.04568	0.07253	0.07307	0.07899	0.07957	0.14925	0.15059	0.18421	0.21972	0.22176	0.25804	
33.0 	 0.0 	50.0	0.1127 	0.6215 	0.0713 	0.1945 	0.8161 	0.6819	0.03925	0.03953	0.04564	0.04597	0.07256	0.07309	0.07919	0.07978	0.15043	0.15179	0.18632	0.22078	0.22285	0.26006	
34.0 	 0.0 	50.0	0.1161 	0.6202 	0.0715 	0.1922 	0.8124 	0.6889	0.03936	0.03964	0.04594	0.04627	0.07260	0.07313	0.07942	0.08001	0.15167	0.15306	0.18854	0.22192	0.22401	0.26220	
35.0 	 0.0 	50.0	0.1197 	0.6191 	0.0716 	0.1897 	0.8087 	0.6956	0.03948	0.03977	0.04626	0.04659	0.07265	0.07319	0.07968	0.08027	0.15300	0.15441	0.19088	0.22315	0.22526	0.26446	
36.0 	 0.0 	50.0	0.1234 	0.6180 	0.0716 	0.1870 	0.8050 	0.7021	0.03962	0.03991	0.04660	0.04694	0.07273	0.07327	0.07996	0.08056	0.15441	0.15585	0.19336	0.22448	0.22662	0.26687	
37.0 	 0.0 	50.0	0.1274 	0.6171 	0.0715 	0.1841 	0.8011 	0.7083	0.03977	0.04006	0.04697	0.04731	0.07283	0.07337	0.08028	0.08088	0.15593	0.15740	0.19599	0.22593	0.22810	0.26946	
38.0 	 0.0 	50.0	0.1315 	0.6163 	0.0712 	0.1809 	0.7972 	0.7143	0.03995	0.04024	0.04737	0.04771	0.07296	0.07351	0.08063	0.08124	0.15757	0.15907	0.19880	0.22751	0.22972	0.27225	
39.0 	 0.0 	50.0	0.1359 	0.6158 	0.0709 	0.1774 	0.7932 	0.7202	0.04014	0.04044	0.04780	0.04816	0.07312	0.07367	0.08104	0.08165	0.15934	0.16088	0.20183	0.22926	0.23151	0.27527	
40.0 	 0.0 	50.0	0.1406 	0.6156 	0.0703 	0.1735 	0.7891 	0.7258	0.04037	0.04067	0.04828	0.04865	0.07333	0.07388	0.08150	0.08212	0.16129	0.16287	0.20511	0.23121	0.23350	0.27857	
41.0 	 0.0 	50.0	0.1457 	0.6156 	0.0695 	0.1692 	0.7849 	0.7313	0.04063	0.04093	0.04882	0.04919	0.07359	0.07414	0.08203	0.08267	0.16344	0.16507	0.20870	0.23340	0.23574	0.28222	
42.0 	 0.0 	50.0	0.1511 	0.6162 	0.0684 	0.1643 	0.7805 	0.7367	0.04094	0.04124	0.04942	0.04980	0.07391	0.07447	0.08266	0.08330	0.16585	0.16754	0.21265	0.23589	0.23828	0.28629	
43.0 	 0.0 	50.0	0.1571 	0.6173 	0.0669 	0.1587 	0.7760 	0.7419	0.04130	0.04161	0.05010	0.05050	0.07432	0.07488	0.08339	0.08405	0.16858	0.17033	0.21708	0.23875	0.24122	0.29089	
44.0 	 0.0 	50.0	0.1637 	0.6193 	0.0649 	0.1521 	0.7714 	0.7469	0.04173	0.04205	0.05089	0.05131	0.07484	0.07542	0.08428	0.08495	0.17172	0.17355	0.22212	0.24212	0.24468	0.29619	
45.0 	 0.0 	50.0	0.1712 	0.6224 	0.0623 	0.1442 	0.7666 	0.7519	0.04227	0.04260	0.05183	0.05227	0.07553	0.07611	0.08537	0.08606	0.17542	0.17736	0.22797	0.24617	0.24883	0.30242	
46.0 	 0.0 	50.0	0.1798 	0.6272 	0.0586 	0.1344 	0.7616 	0.7567	0.04295	0.04330	0.05298	0.05344	0.07644	0.07704	0.08675	0.08747	0.17991	0.18199	0.23496	0.25119	0.25399	0.30997	
47.0 	 0.0 	50.0	0.1900 	0.6348 	0.0535 	0.1217 	0.7565 	0.7614	0.04386	0.04422	0.05444	0.05494	0.07772	0.07833	0.08858	0.08934	0.18561	0.18786	0.24365	0.25768	0.26067	0.31951	
48.0 	 0.0 	50.0	0.2030 	0.6470 	0.0459 	0.1041 	0.7511 	0.7660	0.04514	0.04553	0.05642	0.05698	0.07960	0.08024	0.09117	0.09199	0.19331	0.19583	0.25520	0.26667	0.26994	0.33239	
49.0 	 0.0 	50.0	0.2212 	0.6693 	0.0332 	0.0762 	0.7456 	0.7705	0.04720	0.04764	0.05946	0.06013	0.08277	0.08346	0.09532	0.09624	0.20512	0.20810	0.27252	0.28079	0.28453	0.35209	
50.0 	 0.0 	50.0	0.2602 	0.7398 	0.0000 	0.0000 	0.7398 	0.7749	0.05278	0.05339	0.06715	0.06816	0.09186	0.09272	0.10653	0.10780	0.23519	0.23960	0.31516	0.31809	0.32332	0.40210	
51.0 	 0.0 	50.0	0.2224 	0.6661 	0.0438 	0.0677 	0.7338 	0.7792	0.04710	0.04754	0.05945	0.06012	0.08248	0.08317	0.09513	0.09605	0.20540	0.20842	0.27347	0.28079	0.28457	0.35282	
52.0 	 0.0 	50.0	0.2065 	0.6382 	0.0660 	0.0893 	0.7275 	0.7834	0.04487	0.04526	0.05639	0.05696	0.07885	0.07949	0.09066	0.09149	0.19393	0.19652	0.25740	0.26650	0.26984	0.33392	
53.0 	 0.0 	50.0	0.1963 	0.6194 	0.0827 	0.1015 	0.7210 	0.7875	0.04340	0.04377	0.05439	0.05490	0.07643	0.07704	0.08772	0.08848	0.18661	0.18896	0.24728	0.25730	0.26038	0.32193	
54.0 	 0.0 	50.0	0.1892 	0.6048 	0.0967 	0.1093 	0.7141 	0.7916	0.04230	0.04264	0.05293	0.05340	0.07458	0.07516	0.08551	0.08624	0.18134	0.18353	0.24012	0.25057	0.25349	0.31333	
55.0 	 0.0 	50.0	0.1840 	0.5924 	0.1091 	0.1145 	0.7069 	0.7957	0.04141	0.04174	0.05178	0.05222	0.07306	0.07363	0.08374	0.08443	0.17729	0.17938	0.23477	0.24530	0.24810	0.30678	
56.0 	 0.0 	50.0	0.1802 	0.5813 	0.1204 	0.1181 	0.6994 	0.7996	0.04065	0.04097	0.05084	0.05126	0.07174	0.07229	0.08223	0.08291	0.17406	0.17607	0.23063	0.24099	0.24370	0.30158	
57.0 	 0.0 	50.0	0.1773 	0.5711 	0.1311 	0.1204 	0.6915 	0.8036	0.03999	0.04030	0.05004	0.05046	0.07055	0.07110	0.08092	0.08158	0.17141	0.17336	0.22737	0.23734	0.23999	0.29735	
58.0 	 0.0 	50.0	0.1753 	0.5614 	0.1414 	0.1218 	0.6832 	0.8075	0.03940	0.03970	0.04936	0.04976	0.06946	0.06999	0.07974	0.08038	0.16920	0.17110	0.22478	0.23418	0.23678	0.29385	
59.0 	 0.0 	50.0	0.1740 	0.5519 	0.1515 	0.1225 	0.6745 	0.8113	0.03885	0.03915	0.04877	0.04916	0.06842	0.06895	0.07866	0.07929	0.16732	0.16919	0.22272	0.23138	0.23394	0.29091	
60.0 	 0.0 	50.0	0.1732 	0.5426 	0.1615 	0.1227 	0.6653 	0.8152	0.03834	0.03864	0.04823	0.04862	0.06743	0.06795	0.07765	0.07827	0.16570	0.16755	0.22109	0.22887	0.23140	0.28843	
61.0 	 0.0 	50.0	0.1729 	0.5333 	0.1715 	0.1223 	0.6555 	0.8190	0.03786	0.03815	0.04776	0.04813	0.06646	0.06697	0.07669	0.07730	0.16431	0.16613	0.21983	0.22657	0.22908	0.28631	
62.0 	 0.0 	50.0	0.1731 	0.5238 	0.1817 	0.1214 	0.6452 	0.8228	0.03739	0.03768	0.04732	0.04769	0.06550	0.06600	0.07577	0.07637	0.16310	0.16490	0.21889	0.22445	0.22694	0.28452	
63.0 	 0.0 	50.0	0.1737 	0.5141 	0.1920 	0.1202 	0.6343 	0.8267	0.03693	0.03721	0.04692	0.04728	0.06454	0.06504	0.07487	0.07547	0.16204	0.16384	0.21824	0.22247	0.22495	0.28299	
64.0 	 0.0 	50.0	0.1748 	0.5042 	0.2025 	0.1185 	0.6227 	0.8306	0.03648	0.03676	0.04655	0.04691	0.06357	0.06406	0.07399	0.07458	0.16112	0.16291	0.21784	0.22060	0.22307	0.28170	
65.0 	 0.0 	50.0	0.1762 	0.4939 	0.2134 	0.1165 	0.6104 	0.8345	0.03604	0.03631	0.04620	0.04656	0.06258	0.06307	0.07311	0.07369	0.16032	0.16211	0.21769	0.21882	0.22128	0.28062	
66.0 	 0.0 	50.0	0.1780 	0.4831 	0.2247 	0.1142 	0.5973 	0.8385	0.03559	0.03586	0.04587	0.04623	0.06157	0.06205	0.07223	0.07280	0.15963	0.16142	0.21777	0.21711	0.21956	0.27975	
67.0 	 0.0 	50.0	0.1802 	0.4718 	0.2365 	0.1114 	0.5833 	0.8426	0.03513	0.03540	0.04556	0.04592	0.06053	0.06100	0.07134	0.07191	0.15904	0.16083	0.21807	0.21545	0.21790	0.27905	
68.0 	 0.0 	50.0	0.1828 	0.4600 	0.2489 	0.1083 	0.5683 	0.8468	0.03467	0.03493	0.04527	0.04562	0.05944	0.05991	0.07043	0.07100	0.15854	0.16033	0.21860	0.21382	0.21627	0.27852	
70.0 	 0.0 	50.0	0.1894 	0.4341 	0.2756 	0.1009 	0.5350 	0.8557	0.03369	0.03395	0.04471	0.04506	0.05711	0.05757	0.06854	0.06909	0.15780	0.15961	0.22033	0.21063	0.21309	0.27797	
 0.0 	180.0 	50.0	0.0464 	0.6600 	0.0642 	0.2294 	0.8894 	0.4688	0.03785	0.03813	0.04065	0.04094	0.07323	0.07379	0.07624	0.07682	0.12930	0.13042	0.14686	0.20339	0.20522	0.22406	
 5.0 	180.0 	50.0	0.0439 	0.6548 	0.0731 	0.2282 	0.8830 	0.4960	0.03745	0.03772	0.04012	0.04041	0.07255	0.07309	0.07543	0.07599	0.12745	0.12855	0.14447	0.20087	0.20266	0.22094	
10.0 	180.0 	50.0	0.0416 	0.6505 	0.0807 	0.2272 	0.8777 	0.5138	0.03711	0.03738	0.03967	0.03996	0.07198	0.07251	0.07475	0.07530	0.12591	0.12701	0.14245	0.19885	0.20062	0.21843	
20.0 	180.0 	50.0	0.0393 	0.6380 	0.0990 	0.2237 	0.8617 	0.5595	0.03636	0.03663	0.03884	0.03912	0.07057	0.07110	0.07326	0.07381	0.12343	0.12453	0.13979	0.19514	0.19692	0.21460	
21.0 	180.0 	50.0	0.0395 	0.6355 	0.1021 	0.2229 	0.8584 	0.5702	0.03625	0.03651	0.03874	0.03903	0.07033	0.07085	0.07304	0.07359	0.12322	0.12433	0.13973	0.19469	0.19648	0.21432	
22.0 	180.0 	50.0	0.0398 	0.6329 	0.1053 	0.2220 	0.8549 	0.5812	0.03613	0.03640	0.03865	0.03893	0.07008	0.07060	0.07281	0.07336	0.12301	0.12412	0.13967	0.19424	0.19603	0.21405	
23.0 	180.0 	50.0	0.0400 	0.6303 	0.1086 	0.2211 	0.8514 	0.5923	0.03601	0.03628	0.03855	0.03884	0.06982	0.07034	0.07258	0.07313	0.12279	0.12392	0.13962	0.19378	0.19558	0.21377	
24.0 	180.0 	50.0	0.0403 	0.6276 	0.1118 	0.2202 	0.8479 	0.6031	0.03589	0.03616	0.03845	0.03874	0.06956	0.07008	0.07234	0.07289	0.12258	0.12371	0.13958	0.19332	0.19512	0.21349	
25.0 	180.0 	50.0	0.0406 	0.6249 	0.1151 	0.2194 	0.8443 	0.6136	0.03577	0.03604	0.03836	0.03864	0.06930	0.06982	0.07211	0.07266	0.12237	0.12350	0.13953	0.19286	0.19467	0.21322	
26.0 	180.0 	50.0	0.0409 	0.6223 	0.1184 	0.2185 	0.8408 	0.6236	0.03565	0.03592	0.03826	0.03854	0.06904	0.06956	0.07187	0.07242	0.12215	0.12329	0.13948	0.19240	0.19421	0.21294	
27.0 	180.0 	50.0	0.0411 	0.6196 	0.1216 	0.2176 	0.8372 	0.6332	0.03553	0.03580	0.03816	0.03845	0.06878	0.06930	0.07164	0.07219	0.12194	0.12308	0.13943	0.19194	0.19376	0.21266	
28.0 	180.0 	50.0	0.0414 	0.6170 	0.1249 	0.2167 	0.8337 	0.6423	0.03541	0.03568	0.03806	0.03835	0.06852	0.06905	0.07141	0.07196	0.12172	0.12287	0.13937	0.19148	0.19330	0.21237	
29.0 	180.0 	50.0	0.0416 	0.6144 	0.1281 	0.2158 	0.8302 	0.6510	0.03529	0.03556	0.03796	0.03825	0.06827	0.06879	0.07117	0.07172	0.12150	0.12266	0.13931	0.19102	0.19285	0.21209	
30.0 	180.0 	50.0	0.0419 	0.6118 	0.1314 	0.2149 	0.8267 	0.6592	0.03518	0.03544	0.03787	0.03815	0.06801	0.06853	0.07094	0.07149	0.12129	0.12244	0.13925	0.19055	0.19239	0.21180	
31.0 	180.0 	50.0	0.0422 	0.6091 	0.1347 	0.2141 	0.8232 	0.6671	0.03506	0.03532	0.03777	0.03806	0.06775	0.06827	0.07071	0.07125	0.12107	0.12223	0.13919	0.19009	0.19193	0.21151	
32.0 	180.0 	50.0	0.0424 	0.6065 	0.1380 	0.2132 	0.8196 	0.6747	0.03494	0.03520	0.03767	0.03796	0.06749	0.06801	0.07047	0.07102	0.12085	0.12202	0.13913	0.18962	0.19147	0.21123	
33.0 	180.0 	50.0	0.0427 	0.6038 	0.1413 	0.2123 	0.8161 	0.6819	0.03481	0.03508	0.03757	0.03786	0.06723	0.06775	0.07023	0.07078	0.12063	0.12180	0.13907	0.18915	0.19100	0.21094	
34.0 	180.0 	50.0	0.0429 	0.6011 	0.1446 	0.2113 	0.8124 	0.6889	0.03469	0.03496	0.03747	0.03776	0.06697	0.06749	0.06999	0.07054	0.12040	0.12158	0.13901	0.18867	0.19053	0.21064	
35.0 	180.0 	50.0	0.0432 	0.5983 	0.1481 	0.2104 	0.8087 	0.6956	0.03457	0.03483	0.03737	0.03766	0.06670	0.06722	0.06975	0.07030	0.12018	0.12136	0.13896	0.18819	0.19005	0.21035	
36.0 	180.0 	50.0	0.0435 	0.5955 	0.1515 	0.2094 	0.8050 	0.7021	0.03444	0.03470	0.03727	0.03756	0.06643	0.06694	0.06950	0.07005	0.11995	0.12114	0.13891	0.18770	0.18957	0.21006	
37.0 	180.0 	50.0	0.0438 	0.5927 	0.1551 	0.2084 	0.8011 	0.7083	0.03431	0.03458	0.03716	0.03745	0.06615	0.06667	0.06925	0.06980	0.11972	0.12092	0.13886	0.18721	0.18908	0.20976	
38.0 	180.0 	50.0	0.0441 	0.5898 	0.1587 	0.2074 	0.7972 	0.7143	0.03418	0.03445	0.03706	0.03735	0.06587	0.06638	0.06900	0.06954	0.11949	0.12069	0.13881	0.18671	0.18858	0.20946	
39.0 	180.0 	50.0	0.0444 	0.5868 	0.1624 	0.2064 	0.7932 	0.7202	0.03405	0.03431	0.03695	0.03724	0.06558	0.06609	0.06873	0.06928	0.11926	0.12046	0.13876	0.18619	0.18807	0.20915	
40.0 	180.0 	50.0	0.0448 	0.5838 	0.1661 	0.2053 	0.7891 	0.7258	0.03391	0.03417	0.03684	0.03713	0.06528	0.06579	0.06847	0.06901	0.11902	0.12023	0.13872	0.18567	0.18756	0.20885	
41.0 	180.0 	50.0	0.0451 	0.5806 	0.1700 	0.2042 	0.7849 	0.7313	0.03377	0.03403	0.03673	0.03702	0.06498	0.06549	0.06819	0.06874	0.11878	0.11999	0.13868	0.18513	0.18702	0.20853	
42.0 	180.0 	50.0	0.0455 	0.5774 	0.1740 	0.2031 	0.7805 	0.7367	0.03363	0.03389	0.03661	0.03690	0.06466	0.06517	0.06791	0.06846	0.11852	0.11975	0.13863	0.18458	0.18648	0.20821	
43.0 	180.0 	50.0	0.0458 	0.5741 	0.1782 	0.2019 	0.7760 	0.7419	0.03348	0.03374	0.03649	0.03678	0.06434	0.06485	0.06762	0.06816	0.11826	0.11949	0.13858	0.18400	0.18591	0.20787	
44.0 	180.0 	50.0	0.0462 	0.5707 	0.1824 	0.2007 	0.7714 	0.7469	0.03333	0.03359	0.03637	0.03666	0.06401	0.06451	0.06732	0.06786	0.11799	0.11923	0.13853	0.18341	0.18532	0.20752	
45.0 	180.0 	50.0	0.0466 	0.5671 	0.1868 	0.1995 	0.7666 	0.7519	0.03317	0.03343	0.03624	0.03653	0.06366	0.06417	0.06701	0.06755	0.11771	0.11895	0.13847	0.18280	0.18471	0.20716	
46.0 	180.0 	50.0	0.0470 	0.5634 	0.1914 	0.1982 	0.7616 	0.7567	0.03300	0.03326	0.03611	0.03640	0.06330	0.06381	0.06668	0.06723	0.11742	0.11867	0.13841	0.18216	0.18408	0.20678	
47.0 	180.0 	50.0	0.0474 	0.5596 	0.1962 	0.1968 	0.7565 	0.7614	0.03283	0.03309	0.03597	0.03626	0.06293	0.06344	0.06635	0.06689	0.11711	0.11837	0.13835	0.18150	0.18343	0.20638	
48.0 	180.0 	50.0	0.0478 	0.5557 	0.2011 	0.1954 	0.7511 	0.7660	0.03265	0.03291	0.03582	0.03612	0.06255	0.06305	0.06600	0.06654	0.11680	0.11806	0.13828	0.18081	0.18275	0.20597	
49.0 	180.0 	50.0	0.0482 	0.5516 	0.2062 	0.1940 	0.7456 	0.7705	0.03247	0.03273	0.03567	0.03597	0.06215	0.06265	0.06564	0.06618	0.11647	0.11774	0.13822	0.18010	0.18204	0.20555	
50.0 	180.0 	50.0	0.0487 	0.5473 	0.2115 	0.1925 	0.7398 	0.7749	0.03228	0.03253	0.03552	0.03581	0.06173	0.06223	0.06526	0.06580	0.11613	0.11740	0.13814	0.17936	0.18130	0.20510	
51.0 	180.0 	50.0	0.0492 	0.5429 	0.2171 	0.1909 	0.7338 	0.7792	0.03208	0.03233	0.03536	0.03565	0.06130	0.06180	0.06487	0.06541	0.11577	0.11706	0.13807	0.17858	0.18054	0.20464	
52.0 	180.0 	50.0	0.0496 	0.5382 	0.2228 	0.1893 	0.7275 	0.7834	0.03187	0.03212	0.03519	0.03548	0.06085	0.06134	0.06446	0.06500	0.11540	0.11669	0.13798	0.17777	0.17973	0.20416	
53.0 	180.0 	50.0	0.0502 	0.5334 	0.2289 	0.1876 	0.7210 	0.7875	0.03165	0.03190	0.03501	0.03530	0.06037	0.06087	0.06404	0.06457	0.11501	0.11631	0.13790	0.17693	0.17890	0.20365	
54.0 	180.0 	50.0	0.0507 	0.5283 	0.2352 	0.1858 	0.7141 	0.7916	0.03142	0.03168	0.03483	0.03512	0.05988	0.06037	0.06359	0.06413	0.11460	0.11591	0.13781	0.17604	0.17802	0.20312	
55.0 	180.0 	50.0	0.0512 	0.5230 	0.2418 	0.1839 	0.7069 	0.7957	0.03118	0.03144	0.03463	0.03493	0.05936	0.05985	0.06312	0.06366	0.11417	0.11549	0.13772	0.17512	0.17710	0.20257	
56.0 	180.0 	50.0	0.0518 	0.5174 	0.2487 	0.1820 	0.6994 	0.7996	0.03093	0.03118	0.03443	0.03472	0.05882	0.05931	0.06263	0.06316	0.11373	0.11506	0.13762	0.17415	0.17614	0.20198	
57.0 	180.0 	50.0	0.0524 	0.5116 	0.2560 	0.1799 	0.6915 	0.8036	0.03067	0.03092	0.03422	0.03451	0.05825	0.05873	0.06212	0.06265	0.11326	0.11460	0.13752	0.17313	0.17513	0.20137	
58.0 	180.0 	50.0	0.0531 	0.5055 	0.2637 	0.1778 	0.6832 	0.8075	0.03039	0.03064	0.03400	0.03429	0.05765	0.05813	0.06158	0.06211	0.11276	0.11411	0.13742	0.17206	0.17407	0.20073	
59.0 	180.0 	50.0	0.0538 	0.4990 	0.2717 	0.1755 	0.6745 	0.8113	0.03010	0.03035	0.03376	0.03405	0.05702	0.05750	0.06101	0.06153	0.11224	0.11360	0.13730	0.17093	0.17295	0.20006	
60.0 	180.0 	50.0	0.0545 	0.4922 	0.2802 	0.1731 	0.6653 	0.8152	0.02979	0.03004	0.03351	0.03381	0.05636	0.05683	0.06041	0.06093	0.11170	0.11307	0.13719	0.16974	0.17177	0.19934	
61.0 	180.0 	50.0	0.0553 	0.4850 	0.2892 	0.1706 	0.6555 	0.8190	0.02947	0.02972	0.03325	0.03354	0.05565	0.05612	0.05977	0.06030	0.11112	0.11250	0.13706	0.16848	0.17052	0.19859	
62.0 	180.0 	50.0	0.0561 	0.4773 	0.2987 	0.1679 	0.6452 	0.8228	0.02913	0.02937	0.03297	0.03327	0.05491	0.05538	0.05910	0.05962	0.11051	0.11190	0.13693	0.16715	0.16920	0.19780	
63.0 	180.0 	50.0	0.0569 	0.4693 	0.3088 	0.1650 	0.6343 	0.8267	0.02876	0.02901	0.03268	0.03297	0.05412	0.05459	0.05839	0.05891	0.10986	0.11127	0.13679	0.16574	0.16781	0.19696	
64.0 	180.0 	50.0	0.0578 	0.4607 	0.3194 	0.1620 	0.6227 	0.8306	0.02838	0.02862	0.03237	0.03266	0.05329	0.05375	0.05764	0.05815	0.10917	0.11059	0.13665	0.16425	0.16633	0.19606	
65.0 	180.0 	50.0	0.0588 	0.4516 	0.3308 	0.1588 	0.6104 	0.8345	0.02797	0.02821	0.03204	0.03233	0.05240	0.05286	0.05683	0.05735	0.10844	0.10988	0.13649	0.16266	0.16475	0.19511	
66.0 	180.0 	50.0	0.0598 	0.4419 	0.3429 	0.1554 	0.5973 	0.8385	0.02753	0.02777	0.03168	0.03198	0.05145	0.05191	0.05598	0.05649	0.10766	0.10912	0.13633	0.16097	0.16307	0.19410	
67.0 	180.0 	50.0	0.0609 	0.4315 	0.3558 	0.1518 	0.5833 	0.8426	0.02707	0.02731	0.03131	0.03160	0.05045	0.05089	0.05507	0.05558	0.10683	0.10830	0.13615	0.15916	0.16128	0.19302	
68.0 	180.0 	50.0	0.0621 	0.4204 	0.3696 	0.1479 	0.5683 	0.8468	0.02657	0.02681	0.03091	0.03120	0.04937	0.04981	0.05409	0.05460	0.10594	0.10743	0.13597	0.15723	0.15936	0.19187	
70.0 	180.0 	50.0	0.0648 	0.3958 	0.4003 	0.1392 	0.5350 	0.8557	0.02546	0.02569	0.03001	0.03031	0.04697	0.04739	0.05193	0.05243	0.10397	0.10550	0.13555	0.15294	0.15511	0.18931	
