 0.0 	 0.0 	25.0	0.1099 	0.7145 	0.0363 	0.1393 	0.8538 	0.6322	0.04347	0.04419	0.04965	0.05041	0.08124	0.08267	0.08774	0.08921	0.16807	0.17082	0.20303	0.25171	0.25616	0.29073	
 5.0 	 0.0 	25.0	0.1206 	0.7122 	0.0362 	0.1310 	0.8432 	0.6798	0.04387	0.04458	0.05060	0.05137	0.08149	0.08289	0.08852	0.08998	0.17163	0.17442	0.20935	0.25469	0.25916	0.29637	
10.0 	 0.0 	25.0	0.1304 	0.7146 	0.0333 	0.1216 	0.8363 	0.7044	0.04448	0.04520	0.05173	0.05251	0.08220	0.08360	0.08975	0.09122	0.17590	0.17878	0.21626	0.25907	0.26362	0.30336	
20.0 	 0.0 	25.0	0.1550 	0.7378 	0.0219 	0.0852 	0.8230 	0.7321	0.04689	0.04765	0.05546	0.05633	0.08574	0.08717	0.09460	0.09615	0.19010	0.19344	0.23756	0.27554	0.28055	0.32699	
21.0 	 0.0 	25.0	0.1585 	0.7436 	0.0200 	0.0779 	0.8215 	0.7341	0.04736	0.04813	0.05612	0.05701	0.08650	0.08793	0.09555	0.09712	0.19261	0.19605	0.24115	0.27865	0.28377	0.33119	
22.0 	 0.0 	25.0	0.1625 	0.7512 	0.0175 	0.0688 	0.8200 	0.7360	0.04795	0.04873	0.05692	0.05784	0.08747	0.08891	0.09673	0.09832	0.19566	0.19923	0.24544	0.28247	0.28772	0.33628	
23.0 	 0.0 	25.0	0.1672 	0.7617 	0.0144 	0.0568 	0.8184 	0.7378	0.04872	0.04951	0.05794	0.05890	0.08875	0.09021	0.09827	0.09991	0.19956	0.20331	0.25087	0.28745	0.29288	0.34280	
24.0 	 0.0 	25.0	0.1733 	0.7776 	0.0099 	0.0392 	0.8168 	0.7395	0.04984	0.05066	0.05939	0.06041	0.09067	0.09215	0.10052	0.10221	0.20511	0.20912	0.25847	0.29463	0.30034	0.35207	
25.0 	 0.0 	25.0	0.1849 	0.8151 	0.0000 	0.0000 	0.8151 	0.7411	0.05233	0.05323	0.06253	0.06369	0.09504	0.09660	0.10553	0.10737	0.21714	0.22177	0.27459	0.31051	0.31688	0.37213	
26.0 	 0.0 	25.0	0.1738 	0.7769 	0.0129 	0.0365 	0.8134 	0.7426	0.04982	0.05065	0.05941	0.06043	0.09061	0.09210	0.10050	0.10219	0.20525	0.20927	0.25883	0.29469	0.30041	0.35237	
27.0 	 0.0 	25.0	0.1685 	0.7597 	0.0199 	0.0519 	0.8116 	0.7441	0.04868	0.04948	0.05799	0.05895	0.08861	0.09006	0.09821	0.09984	0.19992	0.20368	0.25178	0.28759	0.29303	0.34352	
28.0 	 0.0 	25.0	0.1650 	0.7476 	0.0253 	0.0621 	0.8097 	0.7456	0.04789	0.04866	0.05701	0.05793	0.08721	0.08864	0.09662	0.09821	0.19628	0.19987	0.24700	0.28270	0.28796	0.33748	
29.0 	 0.0 	25.0	0.1624 	0.7381 	0.0299 	0.0696 	0.8078 	0.7469	0.04728	0.04804	0.05626	0.05715	0.08612	0.08753	0.09540	0.09696	0.19352	0.19698	0.24342	0.27897	0.28410	0.33292	
30.0 	 0.0 	25.0	0.1604 	0.7303 	0.0339 	0.0755 	0.8057 	0.7483	0.04678	0.04752	0.05565	0.05652	0.08522	0.08662	0.09440	0.09593	0.19131	0.19468	0.24059	0.27596	0.28098	0.32929	
31.0 	 0.0 	25.0	0.1588 	0.7235 	0.0376 	0.0802 	0.8036 	0.7495	0.04635	0.04709	0.05515	0.05600	0.08445	0.08584	0.09355	0.09506	0.18949	0.19278	0.23829	0.27344	0.27838	0.32629	
32.0 	 0.0 	25.0	0.1575 	0.7174 	0.0410 	0.0840 	0.8015 	0.7508	0.04598	0.04671	0.05471	0.05555	0.08378	0.08516	0.09281	0.09430	0.18794	0.19117	0.23638	0.27128	0.27615	0.32376	
33.0 	 0.0 	25.0	0.1565 	0.7119 	0.0443 	0.0873 	0.7992 	0.7520	0.04565	0.04637	0.05433	0.05516	0.08317	0.08454	0.09215	0.09363	0.18661	0.18979	0.23476	0.26938	0.27420	0.32158	
34.0 	 0.0 	25.0	0.1558 	0.7068 	0.0474 	0.0900 	0.7968 	0.7532	0.04536	0.04607	0.05400	0.05481	0.08261	0.08397	0.09156	0.09303	0.18545	0.18858	0.23339	0.26770	0.27246	0.31969	
35.0 	 0.0 	25.0	0.1552 	0.7020 	0.0505 	0.0924 	0.7944 	0.7543	0.04508	0.04579	0.05370	0.05450	0.08210	0.08345	0.09102	0.09247	0.18442	0.18752	0.23221	0.26619	0.27090	0.31804	
36.0 	 0.0 	25.0	0.1548 	0.6974 	0.0534 	0.0944 	0.7918 	0.7555	0.04483	0.04553	0.05343	0.05422	0.08161	0.08296	0.09051	0.09196	0.18351	0.18657	0.23120	0.26482	0.26949	0.31657	
37.0 	 0.0 	25.0	0.1545 	0.6930 	0.0564 	0.0961 	0.7891 	0.7566	0.04459	0.04529	0.05318	0.05397	0.08115	0.08249	0.09004	0.09148	0.18270	0.18572	0.23033	0.26356	0.26819	0.31527	
38.0 	 0.0 	25.0	0.1544 	0.6887 	0.0593 	0.0976 	0.7863 	0.7576	0.04437	0.04506	0.05295	0.05373	0.08071	0.08204	0.08960	0.09102	0.18197	0.18496	0.22959	0.26239	0.26700	0.31411	
39.0 	 0.0 	25.0	0.1544 	0.6845 	0.0622 	0.0989 	0.7834 	0.7587	0.04416	0.04485	0.05275	0.05352	0.08028	0.08161	0.08918	0.09059	0.18131	0.18428	0.22897	0.26131	0.26589	0.31307	
40.0 	 0.0 	25.0	0.1545 	0.6804 	0.0651 	0.1000 	0.7804 	0.7598	0.04396	0.04464	0.05255	0.05332	0.07987	0.08118	0.08878	0.09018	0.18071	0.18366	0.22844	0.26030	0.26485	0.31214	
41.0 	 0.0 	25.0	0.1547 	0.6762 	0.0680 	0.1010 	0.7772 	0.7608	0.04376	0.04444	0.05238	0.05313	0.07946	0.08077	0.08839	0.08979	0.18017	0.18310	0.22801	0.25935	0.26387	0.31131	
42.0 	 0.0 	25.0	0.1551 	0.6721 	0.0710 	0.1018 	0.7739 	0.7619	0.04357	0.04425	0.05221	0.05296	0.07906	0.08036	0.08801	0.08940	0.17969	0.18260	0.22766	0.25845	0.26295	0.31056	
43.0 	 0.0 	25.0	0.1556 	0.6680 	0.0740 	0.1025 	0.7704 	0.7629	0.04338	0.04406	0.05205	0.05280	0.07866	0.07996	0.08765	0.08903	0.17925	0.18214	0.22740	0.25760	0.26208	0.30990	
44.0 	 0.0 	25.0	0.1561 	0.6638 	0.0770 	0.1030 	0.7668 	0.7639	0.04320	0.04387	0.05191	0.05265	0.07827	0.07956	0.08729	0.08866	0.17886	0.18173	0.22722	0.25679	0.26125	0.30932	
45.0 	 0.0 	25.0	0.1568 	0.6596 	0.0801 	0.1035 	0.7630 	0.7650	0.04302	0.04369	0.05177	0.05251	0.07787	0.07915	0.08694	0.08830	0.17850	0.18137	0.22711	0.25602	0.26045	0.30881	
46.0 	 0.0 	25.0	0.1576 	0.6553 	0.0833 	0.1038 	0.7591 	0.7660	0.04285	0.04351	0.05164	0.05238	0.07747	0.07875	0.08659	0.08795	0.17819	0.18104	0.22707	0.25528	0.25969	0.30837	
47.0 	 0.0 	25.0	0.1585 	0.6509 	0.0866 	0.1040 	0.7549 	0.7671	0.04267	0.04333	0.05152	0.05225	0.07707	0.07834	0.08625	0.08760	0.17791	0.18075	0.22711	0.25457	0.25896	0.30799	
48.0 	 0.0 	25.0	0.1596 	0.6463 	0.0899 	0.1042 	0.7505 	0.7681	0.04250	0.04315	0.05141	0.05213	0.07666	0.07793	0.08591	0.08725	0.17767	0.18049	0.22722	0.25388	0.25826	0.30768	
49.0 	 0.0 	25.0	0.1607 	0.6417 	0.0933 	0.1042 	0.7459 	0.7692	0.04232	0.04297	0.05131	0.05202	0.07625	0.07751	0.08557	0.08690	0.17746	0.18028	0.22740	0.25322	0.25758	0.30742	
50.0 	 0.0 	25.0	0.1620 	0.6370 	0.0968 	0.1042 	0.7411 	0.7703	0.04215	0.04279	0.05121	0.05192	0.07583	0.07708	0.08522	0.08655	0.17729	0.18009	0.22765	0.25257	0.25692	0.30723	
51.0 	 0.0 	25.0	0.1634 	0.6320 	0.1005 	0.1040 	0.7361 	0.7714	0.04197	0.04261	0.05111	0.05182	0.07540	0.07664	0.08488	0.08620	0.17715	0.17994	0.22797	0.25195	0.25628	0.30710	
52.0 	 0.0 	25.0	0.1650 	0.6269 	0.1042 	0.1038 	0.7308 	0.7725	0.04179	0.04243	0.05103	0.05173	0.07496	0.07620	0.08454	0.08585	0.17704	0.17983	0.22837	0.25134	0.25566	0.30703	
53.0 	 0.0 	25.0	0.1667 	0.6217 	0.1082 	0.1035 	0.7252 	0.7736	0.04161	0.04225	0.05094	0.05165	0.07451	0.07574	0.08418	0.08549	0.17696	0.17974	0.22885	0.25074	0.25505	0.30701	
54.0 	 0.0 	25.0	0.1685 	0.6162 	0.1122 	0.1031 	0.7193 	0.7748	0.04143	0.04206	0.05087	0.05156	0.07405	0.07526	0.08383	0.08512	0.17692	0.17969	0.22940	0.25016	0.25446	0.30706	
55.0 	 0.0 	25.0	0.1705 	0.6105 	0.1164 	0.1026 	0.7130 	0.7760	0.04124	0.04187	0.05080	0.05149	0.07356	0.07477	0.08347	0.08475	0.17691	0.17968	0.23004	0.24959	0.25387	0.30717	
56.0 	 0.0 	25.0	0.1727 	0.6045 	0.1208 	0.1020 	0.7065 	0.7773	0.04105	0.04167	0.05073	0.05142	0.07307	0.07426	0.08310	0.08437	0.17694	0.17969	0.23076	0.24903	0.25330	0.30734	
57.0 	 0.0 	25.0	0.1751 	0.5982 	0.1254 	0.1013 	0.6995 	0.7786	0.04086	0.04147	0.05067	0.05135	0.07255	0.07374	0.08272	0.08399	0.17699	0.17975	0.23157	0.24848	0.25274	0.30758	
58.0 	 0.0 	25.0	0.1776 	0.5917 	0.1302 	0.1005 	0.6922 	0.7799	0.04066	0.04127	0.05062	0.05129	0.07201	0.07319	0.08233	0.08359	0.17709	0.17984	0.23247	0.24794	0.25218	0.30789	
59.0 	 0.0 	25.0	0.1804 	0.5848 	0.1353 	0.0996 	0.6844 	0.7813	0.04045	0.04106	0.05057	0.05124	0.07145	0.07261	0.08193	0.08318	0.17722	0.17996	0.23348	0.24740	0.25163	0.30827	
60.0 	 0.0 	25.0	0.1833 	0.5776 	0.1405 	0.0986 	0.6761 	0.7828	0.04024	0.04084	0.05052	0.05119	0.07086	0.07202	0.08152	0.08275	0.17739	0.18013	0.23459	0.24686	0.25108	0.30872	
61.0 	 0.0 	25.0	0.1865 	0.5699 	0.1461 	0.0974 	0.6673 	0.7843	0.04002	0.04061	0.05048	0.05115	0.07024	0.07139	0.08109	0.08232	0.17760	0.18034	0.23581	0.24633	0.25054	0.30925	
62.0 	 0.0 	25.0	0.1900 	0.5619 	0.1520 	0.0962 	0.6580 	0.7859	0.03978	0.04037	0.05045	0.05111	0.06960	0.07073	0.08065	0.08186	0.17786	0.18059	0.23716	0.24580	0.24999	0.30986	
63.0 	 0.0 	25.0	0.1937 	0.5533 	0.1582 	0.0948 	0.6481 	0.7877	0.03954	0.04012	0.05042	0.05107	0.06891	0.07003	0.08018	0.08138	0.17816	0.18089	0.23863	0.24527	0.24945	0.31056	
64.0 	 0.0 	25.0	0.1978 	0.5443 	0.1648 	0.0932 	0.6375 	0.7895	0.03929	0.03987	0.05040	0.05105	0.06820	0.06930	0.07970	0.08089	0.17851	0.18123	0.24024	0.24473	0.24890	0.31135	
65.0 	 0.0 	25.0	0.2021 	0.5346 	0.1717 	0.0915 	0.6262 	0.7914	0.03903	0.03960	0.05038	0.05102	0.06743	0.06852	0.07919	0.08037	0.17891	0.18163	0.24201	0.24420	0.24835	0.31224	
66.0 	 0.0 	25.0	0.2068 	0.5244 	0.1791 	0.0897 	0.6140 	0.7935	0.03875	0.03931	0.05037	0.05101	0.06663	0.06770	0.07866	0.07982	0.17936	0.18209	0.24394	0.24365	0.24780	0.31325	
67.0 	 0.0 	25.0	0.2119 	0.5134 	0.1871 	0.0876 	0.6010 	0.7957	0.03846	0.03901	0.05037	0.05100	0.06577	0.06682	0.07810	0.07924	0.17988	0.18260	0.24605	0.24310	0.24723	0.31437	
68.0 	 0.0 	25.0	0.2175 	0.5017 	0.1955 	0.0854 	0.5870 	0.7982	0.03815	0.03869	0.05037	0.05100	0.06485	0.06589	0.07750	0.07863	0.18046	0.18318	0.24836	0.24254	0.24666	0.31561	
70.0 	 0.0 	25.0	0.2300 	0.4755 	0.2143 	0.0802 	0.5557 	0.8037	0.03747	0.03799	0.05040	0.05101	0.06282	0.06382	0.07620	0.07730	0.18184	0.18457	0.25365	0.24139	0.24548	0.31854	
 0.0 	180.0 	25.0	0.1099 	0.7145 	0.0363 	0.1393 	0.8538 	0.6322	0.04347	0.04419	0.04965	0.05041	0.08124	0.08267	0.08774	0.08921	0.16807	0.17081	0.20303	0.25170	0.25616	0.29073	
 5.0 	180.0 	25.0	0.1083 	0.7033 	0.0485 	0.1399 	0.8432 	0.6798	0.04279	0.04350	0.04889	0.04963	0.07997	0.08136	0.08636	0.08780	0.16532	0.16800	0.19987	0.24746	0.25181	0.28595	
10.0 	180.0 	25.0	0.1057 	0.6950 	0.0581 	0.1412 	0.8363 	0.7044	0.04223	0.04292	0.04820	0.04893	0.07898	0.08034	0.08523	0.08664	0.16287	0.16550	0.19681	0.24401	0.24829	0.28184	
20.0 	180.0 	25.0	0.1012 	0.6798 	0.0758 	0.1432 	0.8230 	0.7321	0.04123	0.04191	0.04698	0.04769	0.07719	0.07852	0.08323	0.08460	0.15877	0.16134	0.19183	0.23825	0.24243	0.27516	
21.0 	180.0 	25.0	0.1009 	0.6783 	0.0776 	0.1433 	0.8215 	0.7341	0.04114	0.04181	0.04687	0.04758	0.07701	0.07834	0.08303	0.08441	0.15842	0.16098	0.19142	0.23772	0.24190	0.27459	
22.0 	180.0 	25.0	0.1006 	0.6766 	0.0794 	0.1434 	0.8200 	0.7360	0.04104	0.04171	0.04676	0.04747	0.07683	0.07816	0.08284	0.08421	0.15807	0.16063	0.19103	0.23720	0.24138	0.27403	
23.0 	180.0 	25.0	0.1003 	0.6750 	0.0813 	0.1434 	0.8184 	0.7378	0.04094	0.04161	0.04665	0.04736	0.07664	0.07797	0.08265	0.08402	0.15772	0.16028	0.19066	0.23669	0.24086	0.27349	
24.0 	180.0 	25.0	0.1001 	0.6733 	0.0831 	0.1435 	0.8168 	0.7395	0.04085	0.04151	0.04655	0.04725	0.07646	0.07779	0.08245	0.08382	0.15739	0.15995	0.19030	0.23618	0.24034	0.27297	
25.0 	180.0 	25.0	0.0999 	0.6716 	0.0850 	0.1435 	0.8151 	0.7411	0.04075	0.04141	0.04644	0.04714	0.07627	0.07760	0.08226	0.08362	0.15706	0.15962	0.18996	0.23568	0.23984	0.27246	
26.0 	180.0 	25.0	0.0997 	0.6699 	0.0870 	0.1435 	0.8134 	0.7426	0.04065	0.04131	0.04634	0.04703	0.07609	0.07740	0.08206	0.08343	0.15675	0.15929	0.18964	0.23518	0.23933	0.27196	
27.0 	180.0 	25.0	0.0995 	0.6681 	0.0889 	0.1435 	0.8116 	0.7441	0.04055	0.04121	0.04623	0.04693	0.07589	0.07721	0.08187	0.08323	0.15643	0.15898	0.18933	0.23469	0.23883	0.27148	
28.0 	180.0 	25.0	0.0994 	0.6662 	0.0909 	0.1435 	0.8097 	0.7456	0.04045	0.04111	0.04613	0.04682	0.07570	0.07701	0.08167	0.08303	0.15613	0.15867	0.18904	0.23420	0.23834	0.27101	
29.0 	180.0 	25.0	0.0993 	0.6643 	0.0930 	0.1434 	0.8078 	0.7469	0.04035	0.04101	0.04603	0.04672	0.07550	0.07681	0.08147	0.08283	0.15583	0.15837	0.18877	0.23371	0.23784	0.27055	
30.0 	180.0 	25.0	0.0992 	0.6624 	0.0951 	0.1433 	0.8057 	0.7483	0.04025	0.04091	0.04593	0.04662	0.07530	0.07661	0.08127	0.08262	0.15554	0.15808	0.18851	0.23322	0.23735	0.27011	
31.0 	180.0 	25.0	0.0992 	0.6604 	0.0972 	0.1432 	0.8036 	0.7495	0.04015	0.04081	0.04583	0.04652	0.07509	0.07640	0.08107	0.08242	0.15525	0.15779	0.18827	0.23274	0.23686	0.26968	
32.0 	180.0 	25.0	0.0992 	0.6583 	0.0994 	0.1431 	0.8015 	0.7508	0.04004	0.04070	0.04573	0.04642	0.07488	0.07619	0.08087	0.08221	0.15498	0.15751	0.18805	0.23225	0.23637	0.26926	
33.0 	180.0 	25.0	0.0992 	0.6562 	0.1016 	0.1430 	0.7992 	0.7520	0.03994	0.04059	0.04563	0.04632	0.07467	0.07597	0.08066	0.08200	0.15470	0.15724	0.18785	0.23177	0.23588	0.26886	
34.0 	180.0 	25.0	0.0993 	0.6540 	0.1039 	0.1428 	0.7968 	0.7532	0.03983	0.04048	0.04553	0.04622	0.07445	0.07574	0.08045	0.08179	0.15444	0.15697	0.18766	0.23128	0.23539	0.26846	
35.0 	180.0 	25.0	0.0994 	0.6518 	0.1062 	0.1426 	0.7944 	0.7543	0.03972	0.04037	0.04543	0.04612	0.07422	0.07552	0.08024	0.08157	0.15418	0.15671	0.18750	0.23080	0.23490	0.26808	
36.0 	180.0 	25.0	0.0995 	0.6494 	0.1087 	0.1424 	0.7918 	0.7555	0.03961	0.04026	0.04533	0.04602	0.07399	0.07528	0.08002	0.08135	0.15392	0.15645	0.18735	0.23031	0.23441	0.26772	
37.0 	180.0 	25.0	0.0997 	0.6470 	0.1111 	0.1421 	0.7891 	0.7566	0.03950	0.04015	0.04524	0.04592	0.07376	0.07504	0.07980	0.08112	0.15367	0.15620	0.18722	0.22982	0.23392	0.26736	
38.0 	180.0 	25.0	0.1000 	0.6445 	0.1137 	0.1419 	0.7863 	0.7576	0.03939	0.04003	0.04514	0.04582	0.07351	0.07479	0.07957	0.08090	0.15343	0.15596	0.18711	0.22933	0.23342	0.26701	
39.0 	180.0 	25.0	0.1002 	0.6419 	0.1163 	0.1415 	0.7834 	0.7587	0.03927	0.03991	0.04504	0.04572	0.07326	0.07454	0.07934	0.08066	0.15319	0.15572	0.18701	0.22884	0.23293	0.26668	
40.0 	180.0 	25.0	0.1006 	0.6392 	0.1190 	0.1412 	0.7804 	0.7598	0.03915	0.03979	0.04494	0.04562	0.07300	0.07427	0.07911	0.08042	0.15296	0.15548	0.18694	0.22834	0.23242	0.26636	
41.0 	180.0 	25.0	0.1009 	0.6364 	0.1219 	0.1408 	0.7772 	0.7608	0.03903	0.03967	0.04485	0.04552	0.07273	0.07400	0.07887	0.08018	0.15273	0.15525	0.18689	0.22783	0.23192	0.26605	
42.0 	180.0 	25.0	0.1013 	0.6335 	0.1248 	0.1404 	0.7739 	0.7619	0.03890	0.03954	0.04475	0.04542	0.07246	0.07372	0.07862	0.07993	0.15251	0.15503	0.18686	0.22732	0.23140	0.26575	
43.0 	180.0 	25.0	0.1018 	0.6305 	0.1278 	0.1400 	0.7704 	0.7629	0.03877	0.03941	0.04465	0.04532	0.07217	0.07343	0.07837	0.07967	0.15229	0.15481	0.18685	0.22681	0.23088	0.26546	
44.0 	180.0 	25.0	0.1023 	0.6273 	0.1309 	0.1395 	0.7668 	0.7639	0.03864	0.03927	0.04455	0.04522	0.07188	0.07313	0.07811	0.07941	0.15207	0.15460	0.18686	0.22628	0.23036	0.26518	
45.0 	180.0 	25.0	0.1029 	0.6240 	0.1341 	0.1390 	0.7630 	0.7650	0.03850	0.03914	0.04445	0.04512	0.07157	0.07282	0.07784	0.07914	0.15186	0.15439	0.18689	0.22575	0.22982	0.26492	
46.0 	180.0 	25.0	0.1035 	0.6206 	0.1375 	0.1384 	0.7591 	0.7660	0.03836	0.03899	0.04435	0.04502	0.07126	0.07250	0.07757	0.07886	0.15166	0.15418	0.18695	0.22521	0.22928	0.26466	
47.0 	180.0 	25.0	0.1042 	0.6170 	0.1409 	0.1378 	0.7549 	0.7671	0.03822	0.03885	0.04425	0.04492	0.07093	0.07216	0.07728	0.07857	0.15145	0.15398	0.18703	0.22466	0.22872	0.26442	
48.0 	180.0 	25.0	0.1049 	0.6133 	0.1446 	0.1372 	0.7505 	0.7681	0.03807	0.03869	0.04415	0.04481	0.07058	0.07182	0.07699	0.07827	0.15125	0.15378	0.18714	0.22410	0.22816	0.26418	
49.0 	180.0 	25.0	0.1057 	0.6094 	0.1483 	0.1365 	0.7459 	0.7692	0.03791	0.03853	0.04404	0.04471	0.07023	0.07145	0.07669	0.07796	0.15106	0.15358	0.18727	0.22352	0.22758	0.26396	
50.0 	180.0 	25.0	0.1066 	0.6053 	0.1523 	0.1358 	0.7411 	0.7703	0.03775	0.03837	0.04394	0.04460	0.06986	0.07108	0.07637	0.07764	0.15087	0.15339	0.18742	0.22293	0.22698	0.26375	
51.0 	180.0 	25.0	0.1075 	0.6011 	0.1564 	0.1350 	0.7361 	0.7714	0.03759	0.03820	0.04383	0.04449	0.06947	0.07068	0.07605	0.07731	0.15068	0.15320	0.18761	0.22233	0.22638	0.26354	
52.0 	180.0 	25.0	0.1085 	0.5966 	0.1607 	0.1341 	0.7308 	0.7725	0.03741	0.03802	0.04372	0.04437	0.06906	0.07027	0.07571	0.07697	0.15049	0.15302	0.18782	0.22170	0.22575	0.26335	
53.0 	180.0 	25.0	0.1096 	0.5919 	0.1652 	0.1332 	0.7252 	0.7736	0.03723	0.03784	0.04360	0.04426	0.06864	0.06984	0.07536	0.07661	0.15030	0.15284	0.18806	0.22106	0.22510	0.26317	
54.0 	180.0 	25.0	0.1108 	0.5870 	0.1700 	0.1323 	0.7193 	0.7748	0.03704	0.03765	0.04349	0.04414	0.06820	0.06939	0.07499	0.07624	0.15012	0.15266	0.18833	0.22040	0.22444	0.26299	
55.0 	180.0 	25.0	0.1121 	0.5818 	0.1749 	0.1312 	0.7130 	0.7760	0.03685	0.03745	0.04337	0.04402	0.06773	0.06892	0.07461	0.07585	0.14994	0.15248	0.18864	0.21971	0.22375	0.26283	
56.0 	180.0 	25.0	0.1134 	0.5763 	0.1801 	0.1301 	0.7065 	0.7773	0.03664	0.03724	0.04325	0.04389	0.06724	0.06842	0.07421	0.07544	0.14976	0.15230	0.18898	0.21900	0.22303	0.26267	
57.0 	180.0 	25.0	0.1149 	0.5706 	0.1856 	0.1289 	0.6995 	0.7786	0.03642	0.03702	0.04312	0.04376	0.06673	0.06790	0.07379	0.07501	0.14958	0.15212	0.18935	0.21826	0.22229	0.26253	
58.0 	180.0 	25.0	0.1164 	0.5645 	0.1914 	0.1277 	0.6922 	0.7799	0.03620	0.03679	0.04299	0.04363	0.06619	0.06735	0.07334	0.07456	0.14940	0.15195	0.18977	0.21749	0.22152	0.26239	
59.0 	180.0 	25.0	0.1181 	0.5581 	0.1975 	0.1263 	0.6844 	0.7813	0.03596	0.03655	0.04285	0.04349	0.06562	0.06677	0.07288	0.07409	0.14922	0.15177	0.19022	0.21669	0.22071	0.26227	
60.0 	180.0 	25.0	0.1199 	0.5513 	0.2040 	0.1248 	0.6761 	0.7828	0.03571	0.03629	0.04271	0.04335	0.06502	0.06615	0.07239	0.07359	0.14904	0.15159	0.19071	0.21585	0.21987	0.26215	
61.0 	180.0 	25.0	0.1218 	0.5441 	0.2108 	0.1233 	0.6673 	0.7843	0.03544	0.03602	0.04256	0.04320	0.06438	0.06551	0.07188	0.07307	0.14886	0.15141	0.19125	0.21497	0.21898	0.26204	
62.0 	180.0 	25.0	0.1239 	0.5364 	0.2181 	0.1216 	0.6580 	0.7859	0.03516	0.03574	0.04241	0.04304	0.06370	0.06482	0.07133	0.07252	0.14868	0.15124	0.19184	0.21404	0.21805	0.26195	
63.0 	180.0 	25.0	0.1261 	0.5283 	0.2258 	0.1198 	0.6481 	0.7877	0.03487	0.03543	0.04225	0.04287	0.06299	0.06409	0.07076	0.07193	0.14849	0.15105	0.19248	0.21307	0.21707	0.26186	
64.0 	180.0 	25.0	0.1285 	0.5196 	0.2340 	0.1179 	0.6375 	0.7895	0.03455	0.03511	0.04208	0.04270	0.06222	0.06331	0.07015	0.07131	0.14830	0.15087	0.19318	0.21204	0.21604	0.26177	
65.0 	180.0 	25.0	0.1310 	0.5104 	0.2428 	0.1158 	0.6262 	0.7914	0.03422	0.03477	0.04190	0.04251	0.06141	0.06249	0.06950	0.07064	0.14811	0.15068	0.19394	0.21094	0.21494	0.26170	
66.0 	180.0 	25.0	0.1338 	0.5005 	0.2522 	0.1135 	0.6140 	0.7935	0.03386	0.03441	0.04171	0.04232	0.06054	0.06160	0.06880	0.06994	0.14790	0.15048	0.19475	0.20978	0.21377	0.26163	
67.0 	180.0 	25.0	0.1368 	0.4899 	0.2622 	0.1111 	0.6010 	0.7957	0.03348	0.03402	0.04150	0.04211	0.05961	0.06065	0.06806	0.06918	0.14769	0.15027	0.19564	0.20854	0.21253	0.26156	
68.0 	180.0 	25.0	0.1399 	0.4785 	0.2730 	0.1085 	0.5870 	0.7982	0.03307	0.03360	0.04129	0.04189	0.05861	0.05964	0.06726	0.06837	0.14746	0.15005	0.19660	0.20721	0.21119	0.26150	
70.0 	180.0 	25.0	0.1471 	0.4530 	0.2972 	0.1027 	0.5557 	0.8037	0.03215	0.03266	0.04080	0.04139	0.05637	0.05736	0.06547	0.06655	0.14697	0.14957	0.19876	0.20424	0.20821	0.26137	
 0.0 	 0.0 	35.0	0.0836 	0.6876 	0.0626 	0.1662 	0.8538 	0.6322	0.04079	0.04125	0.04558	0.04607	0.07721	0.07812	0.08228	0.08323	0.15054	0.15237	0.17857	0.22914	0.23209	0.26083	
 5.0 	 0.0 	35.0	0.0928 	0.6824 	0.0640 	0.1608 	0.8432 	0.6798	0.04098	0.04143	0.04626	0.04675	0.07710	0.07799	0.08265	0.08358	0.15316	0.15500	0.18360	0.23099	0.23393	0.26503	
10.0 	 0.0 	35.0	0.1016 	0.6808 	0.0622 	0.1554 	0.8363 	0.7044	0.04133	0.04178	0.04708	0.04757	0.07736	0.07824	0.08337	0.08429	0.15631	0.15818	0.18905	0.23388	0.23684	0.27020	
20.0 	 0.0 	35.0	0.1222 	0.6829 	0.0548 	0.1401 	0.8230 	0.7321	0.04247	0.04293	0.04932	0.04983	0.07858	0.07946	0.08568	0.08663	0.16497	0.16699	0.20329	0.24270	0.24581	0.28464	
21.0 	 0.0 	35.0	0.1247 	0.6836 	0.0538 	0.1379 	0.8215 	0.7341	0.04264	0.04310	0.04961	0.05013	0.07877	0.07965	0.08601	0.08696	0.16611	0.16816	0.20512	0.24392	0.24705	0.28655	
22.0 	 0.0 	35.0	0.1273 	0.6845 	0.0527 	0.1356 	0.8200 	0.7360	0.04281	0.04327	0.04992	0.05045	0.07899	0.07987	0.08637	0.08732	0.16733	0.16940	0.20706	0.24522	0.24838	0.28859	
23.0 	 0.0 	35.0	0.1300 	0.6855 	0.0516 	0.1329 	0.8184 	0.7378	0.04300	0.04347	0.05026	0.05079	0.07923	0.08011	0.08675	0.08771	0.16864	0.17074	0.20913	0.24664	0.24983	0.29078	
24.0 	 0.0 	35.0	0.1329 	0.6868 	0.0503 	0.1300 	0.8168 	0.7395	0.04321	0.04368	0.05063	0.05116	0.07950	0.08039	0.08718	0.08814	0.17005	0.17218	0.21135	0.24818	0.25141	0.29314	
25.0 	 0.0 	35.0	0.1359 	0.6883 	0.0489 	0.1268 	0.8151 	0.7411	0.04345	0.04392	0.05102	0.05157	0.07981	0.08070	0.08765	0.08862	0.17158	0.17375	0.21374	0.24988	0.25314	0.29570	
26.0 	 0.0 	35.0	0.1392 	0.6902 	0.0474 	0.1232 	0.8134 	0.7426	0.04371	0.04418	0.05146	0.05201	0.08016	0.08105	0.08818	0.08915	0.17326	0.17548	0.21634	0.25175	0.25506	0.29851	
27.0 	 0.0 	35.0	0.1427 	0.6925 	0.0457 	0.1191 	0.8116 	0.7441	0.04400	0.04448	0.05194	0.05250	0.08056	0.08146	0.08877	0.08976	0.17511	0.17739	0.21919	0.25385	0.25722	0.30162	
28.0 	 0.0 	35.0	0.1465 	0.6953 	0.0438 	0.1144 	0.8097 	0.7456	0.04434	0.04482	0.05248	0.05305	0.08104	0.08194	0.08945	0.09045	0.17719	0.17953	0.22236	0.25623	0.25966	0.30511	
29.0 	 0.0 	35.0	0.1506 	0.6989 	0.0416 	0.1089 	0.8078 	0.7469	0.04473	0.04522	0.05309	0.05368	0.08160	0.08251	0.09024	0.09126	0.17956	0.18196	0.22593	0.25897	0.26247	0.30906	
30.0 	 0.0 	35.0	0.1553 	0.7034 	0.0390 	0.1023 	0.8057 	0.7483	0.04519	0.04569	0.05380	0.05442	0.08229	0.08321	0.09118	0.09221	0.18230	0.18480	0.23003	0.26218	0.26578	0.31365	
31.0 	 0.0 	35.0	0.1605 	0.7093 	0.0358 	0.0943 	0.8036 	0.7495	0.04576	0.04627	0.05465	0.05529	0.08315	0.08408	0.09232	0.09338	0.18557	0.18818	0.23485	0.26606	0.26978	0.31912	
32.0 	 0.0 	35.0	0.1667 	0.7173 	0.0318 	0.0841 	0.8015 	0.7508	0.04648	0.04701	0.05571	0.05638	0.08427	0.08521	0.09377	0.09486	0.18961	0.19237	0.24075	0.27094	0.27481	0.32587	
33.0 	 0.0 	35.0	0.1744 	0.7288 	0.0264 	0.0704 	0.7992 	0.7520	0.04745	0.04800	0.05709	0.05780	0.08581	0.08677	0.09573	0.09686	0.19491	0.19788	0.24838	0.27742	0.28151	0.33472	
34.0 	 0.0 	35.0	0.1848 	0.7471 	0.0184 	0.0497 	0.7968 	0.7532	0.04891	0.04950	0.05911	0.05990	0.08818	0.08918	0.09866	0.09987	0.20268	0.20597	0.25938	0.28708	0.29151	0.34766	
35.0 	 0.0 	35.0	0.2056 	0.7944 	0.0000 	0.0000 	0.7944 	0.7543	0.05238	0.05306	0.06371	0.06470	0.09401	0.09511	0.10562	0.10704	0.22047	0.22463	0.28405	0.30972	0.31506	0.37728	
36.0 	 0.0 	35.0	0.1854 	0.7459 	0.0229 	0.0459 	0.7918 	0.7555	0.04888	0.04947	0.05912	0.05991	0.08809	0.08908	0.09861	0.09982	0.20285	0.20616	0.25986	0.28714	0.29159	0.34806	
37.0 	 0.0 	35.0	0.1761 	0.7255 	0.0348 	0.0636 	0.7891 	0.7566	0.04737	0.04792	0.05712	0.05784	0.08555	0.08651	0.09558	0.09672	0.19532	0.19831	0.24952	0.27753	0.28164	0.33561	
38.0 	 0.0 	35.0	0.1699 	0.7115 	0.0438 	0.0749 	0.7863 	0.7576	0.04634	0.04687	0.05576	0.05643	0.08382	0.08475	0.09352	0.09461	0.19029	0.19309	0.24266	0.27107	0.27497	0.32731	
39.0 	 0.0 	35.0	0.1653 	0.7006 	0.0513 	0.0829 	0.7834 	0.7587	0.04556	0.04607	0.05474	0.05538	0.08249	0.08340	0.09195	0.09301	0.18654	0.18921	0.23761	0.26622	0.26998	0.32116	
40.0 	 0.0 	35.0	0.1618 	0.6915 	0.0578 	0.0888 	0.7804 	0.7598	0.04492	0.04542	0.05392	0.05454	0.08139	0.08229	0.09068	0.09171	0.18359	0.18615	0.23368	0.26236	0.26600	0.31632	
41.0 	 0.0 	35.0	0.1590 	0.6837 	0.0638 	0.0935 	0.7772 	0.7608	0.04439	0.04487	0.05325	0.05384	0.08046	0.08135	0.08961	0.09062	0.18118	0.18366	0.23052	0.25915	0.26271	0.31237	
42.0 	 0.0 	35.0	0.1568 	0.6767 	0.0693 	0.0972 	0.7739 	0.7619	0.04392	0.04440	0.05267	0.05325	0.07964	0.08052	0.08868	0.08967	0.17915	0.18157	0.22792	0.25643	0.25991	0.30908	
43.0 	 0.0 	35.0	0.1551 	0.6702 	0.0745 	0.1002 	0.7704 	0.7629	0.04351	0.04398	0.05217	0.05274	0.07890	0.07977	0.08785	0.08883	0.17743	0.17979	0.22575	0.25405	0.25748	0.30628	
44.0 	 0.0 	35.0	0.1537 	0.6642 	0.0795 	0.1026 	0.7668 	0.7639	0.04313	0.04360	0.05173	0.05229	0.07821	0.07908	0.08711	0.08807	0.17593	0.17825	0.22393	0.25196	0.25534	0.30387	
45.0 	 0.0 	35.0	0.1527 	0.6584 	0.0843 	0.1046 	0.7630 	0.7650	0.04279	0.04325	0.05134	0.05188	0.07758	0.07843	0.08642	0.08737	0.17462	0.17690	0.22239	0.25007	0.25341	0.30177	
46.0 	 0.0 	35.0	0.1519 	0.6529 	0.0891 	0.1062 	0.7591 	0.7660	0.04247	0.04292	0.05098	0.05152	0.07697	0.07782	0.08578	0.08672	0.17346	0.17571	0.22108	0.24836	0.25167	0.29993	
47.0 	 0.0 	35.0	0.1513 	0.6474 	0.0938 	0.1075 	0.7549 	0.7671	0.04217	0.04262	0.05066	0.05119	0.07639	0.07723	0.08519	0.08612	0.17243	0.17465	0.21998	0.24680	0.25007	0.29831	
48.0 	 0.0 	35.0	0.1510 	0.6420 	0.0985 	0.1085 	0.7505 	0.7681	0.04188	0.04232	0.05036	0.05089	0.07583	0.07666	0.08462	0.08554	0.17151	0.17371	0.21905	0.24535	0.24859	0.29687	
49.0 	 0.0 	35.0	0.1509 	0.6367 	0.1032 	0.1093 	0.7459 	0.7692	0.04160	0.04204	0.05009	0.05061	0.07528	0.07611	0.08407	0.08499	0.17068	0.17286	0.21827	0.24400	0.24722	0.29559	
50.0 	 0.0 	35.0	0.1510 	0.6313 	0.1079 	0.1098 	0.7411 	0.7703	0.04134	0.04177	0.04984	0.05035	0.07474	0.07556	0.08355	0.08445	0.16994	0.17210	0.21764	0.24274	0.24593	0.29446	
51.0 	 0.0 	35.0	0.1513 	0.6259 	0.1127 	0.1102 	0.7361 	0.7714	0.04108	0.04151	0.04960	0.05011	0.07420	0.07501	0.08304	0.08393	0.16927	0.17142	0.21714	0.24154	0.24472	0.29346	
52.0 	 0.0 	35.0	0.1517 	0.6204 	0.1175 	0.1104 	0.7308 	0.7725	0.04082	0.04125	0.04938	0.04988	0.07366	0.07447	0.08253	0.08343	0.16867	0.17081	0.21677	0.24041	0.24357	0.29258	
53.0 	 0.0 	35.0	0.1523 	0.6147 	0.1225 	0.1104 	0.7252 	0.7736	0.04057	0.04100	0.04917	0.04967	0.07312	0.07392	0.08204	0.08293	0.16813	0.17025	0.21650	0.23932	0.24247	0.29180	
54.0 	 0.0 	35.0	0.1531 	0.6090 	0.1276 	0.1103 	0.7193 	0.7748	0.04032	0.04075	0.04898	0.04947	0.07257	0.07337	0.08155	0.08243	0.16765	0.16976	0.21635	0.23828	0.24141	0.29112	
55.0 	 0.0 	35.0	0.1541 	0.6030 	0.1328 	0.1100 	0.7130 	0.7760	0.04007	0.04049	0.04879	0.04928	0.07202	0.07281	0.08106	0.08194	0.16722	0.16932	0.21631	0.23728	0.24040	0.29053	
56.0 	 0.0 	35.0	0.1553 	0.5969 	0.1383 	0.1095 	0.7065 	0.7773	0.03983	0.04024	0.04861	0.04910	0.07146	0.07224	0.08058	0.08144	0.16684	0.16894	0.21637	0.23631	0.23942	0.29004	
57.0 	 0.0 	35.0	0.1566 	0.5905 	0.1438 	0.1090 	0.6995 	0.7786	0.03957	0.03999	0.04845	0.04893	0.07088	0.07165	0.08008	0.08094	0.16651	0.16860	0.21653	0.23537	0.23846	0.28963	
58.0 	 0.0 	35.0	0.1582 	0.5839 	0.1497 	0.1082 	0.6922 	0.7799	0.03932	0.03973	0.04829	0.04877	0.07028	0.07105	0.07959	0.08044	0.16622	0.16830	0.21680	0.23444	0.23753	0.28930	
59.0 	 0.0 	35.0	0.1599 	0.5770 	0.1557 	0.1074 	0.6844 	0.7813	0.03906	0.03947	0.04813	0.04861	0.06966	0.07043	0.07908	0.07993	0.16597	0.16806	0.21718	0.23354	0.23662	0.28906	
60.0 	 0.0 	35.0	0.1619 	0.5698 	0.1620 	0.1063 	0.6761 	0.7828	0.03880	0.03920	0.04799	0.04846	0.06903	0.06979	0.07857	0.07941	0.16577	0.16785	0.21766	0.23265	0.23572	0.28890	
61.0 	 0.0 	35.0	0.1641 	0.5622 	0.1686 	0.1051 	0.6673 	0.7843	0.03853	0.03892	0.04785	0.04832	0.06836	0.06912	0.07804	0.07887	0.16562	0.16769	0.21826	0.23176	0.23483	0.28882	
62.0 	 0.0 	35.0	0.1665 	0.5542 	0.1755 	0.1038 	0.6580 	0.7859	0.03825	0.03864	0.04771	0.04818	0.06767	0.06842	0.07750	0.07832	0.16550	0.16758	0.21897	0.23089	0.23395	0.28882	
63.0 	 0.0 	35.0	0.1691 	0.5458 	0.1828 	0.1023 	0.6481 	0.7877	0.03796	0.03835	0.04758	0.04804	0.06695	0.06769	0.07694	0.07776	0.16543	0.16751	0.21981	0.23001	0.23307	0.28891	
64.0 	 0.0 	35.0	0.1720 	0.5369 	0.1905 	0.1006 	0.6375 	0.7895	0.03766	0.03805	0.04745	0.04791	0.06619	0.06692	0.07636	0.07717	0.16540	0.16748	0.22077	0.22914	0.23219	0.28908	
65.0 	 0.0 	35.0	0.1753 	0.5275 	0.1986 	0.0987 	0.6262 	0.7914	0.03735	0.03773	0.04733	0.04779	0.06539	0.06611	0.07576	0.07656	0.16542	0.16750	0.22187	0.22825	0.23130	0.28935	
66.0 	 0.0 	35.0	0.1788 	0.5174 	0.2072 	0.0966 	0.6140 	0.7935	0.03702	0.03740	0.04721	0.04767	0.06455	0.06525	0.07513	0.07592	0.16549	0.16757	0.22312	0.22736	0.23041	0.28971	
67.0 	 0.0 	35.0	0.1827 	0.5067 	0.2163 	0.0943 	0.6010 	0.7957	0.03668	0.03706	0.04710	0.04755	0.06365	0.06435	0.07447	0.07525	0.16560	0.16769	0.22453	0.22646	0.22951	0.29017	
68.0 	 0.0 	35.0	0.1869 	0.4953 	0.2261 	0.0917 	0.5870 	0.7982	0.03632	0.03669	0.04699	0.04744	0.06270	0.06339	0.07377	0.07455	0.16577	0.16787	0.22610	0.22554	0.22859	0.29073	
70.0 	 0.0 	35.0	0.1966 	0.4699 	0.2476 	0.0859 	0.5557 	0.8037	0.03554	0.03590	0.04678	0.04721	0.06060	0.06127	0.07226	0.07302	0.16628	0.16839	0.22983	0.22363	0.22668	0.29222	
 0.0 	180.0 	35.0	0.0836 	0.6876 	0.0626 	0.1662 	0.8538 	0.6322	0.04079	0.04125	0.04558	0.04607	0.07721	0.07812	0.08228	0.08323	0.15054	0.15237	0.17857	0.22914	0.23209	0.26083	
 5.0 	180.0 	35.0	0.0815 	0.6777 	0.0754 	0.1655 	0.8432 	0.6798	0.04016	0.04061	0.04486	0.04533	0.07605	0.07694	0.08101	0.08193	0.14800	0.14979	0.17559	0.22534	0.22822	0.25652	
10.0 	180.0 	35.0	0.0786 	0.6707 	0.0852 	0.1655 	0.8363 	0.7044	0.03966	0.04010	0.04421	0.04468	0.07518	0.07605	0.07999	0.08090	0.14576	0.14752	0.17273	0.22229	0.22512	0.25281	
20.0 	180.0 	35.0	0.0737 	0.6577 	0.1033 	0.1653 	0.8230 	0.7321	0.03875	0.03918	0.04307	0.04352	0.07359	0.07444	0.07817	0.07906	0.14198	0.14371	0.16799	0.21711	0.21990	0.24669	
21.0 	180.0 	35.0	0.0733 	0.6563 	0.1052 	0.1652 	0.8215 	0.7341	0.03866	0.03909	0.04296	0.04342	0.07343	0.07428	0.07799	0.07888	0.14164	0.14337	0.16760	0.21663	0.21942	0.24615	
22.0 	180.0 	35.0	0.0729 	0.6549 	0.1071 	0.1651 	0.8200 	0.7360	0.03857	0.03900	0.04285	0.04331	0.07326	0.07411	0.07781	0.07869	0.14131	0.14304	0.16722	0.21616	0.21894	0.24563	
23.0 	180.0 	35.0	0.0726 	0.6534 	0.1090 	0.1650 	0.8184 	0.7378	0.03848	0.03891	0.04275	0.04320	0.07310	0.07394	0.07764	0.07851	0.14098	0.14271	0.16685	0.21568	0.21846	0.24512	
24.0 	180.0 	35.0	0.0723 	0.6519 	0.1109 	0.1649 	0.8168 	0.7395	0.03839	0.03881	0.04265	0.04310	0.07293	0.07377	0.07746	0.07833	0.14067	0.14239	0.16650	0.21522	0.21799	0.24462	
25.0 	180.0 	35.0	0.0720 	0.6504 	0.1129 	0.1647 	0.8151 	0.7411	0.03830	0.03872	0.04254	0.04300	0.07276	0.07360	0.07727	0.07815	0.14035	0.14208	0.16616	0.21475	0.21753	0.24414	
26.0 	180.0 	35.0	0.0718 	0.6488 	0.1149 	0.1645 	0.8134 	0.7426	0.03820	0.03863	0.04244	0.04289	0.07259	0.07343	0.07709	0.07797	0.14004	0.14177	0.16583	0.21429	0.21706	0.24366	
27.0 	180.0 	35.0	0.0715 	0.6472 	0.1169 	0.1643 	0.8116 	0.7441	0.03811	0.03854	0.04234	0.04279	0.07241	0.07325	0.07691	0.07778	0.13974	0.14147	0.16552	0.21382	0.21660	0.24320	
28.0 	180.0 	35.0	0.0713 	0.6456 	0.1190 	0.1641 	0.8097 	0.7456	0.03802	0.03844	0.04224	0.04269	0.07223	0.07307	0.07672	0.07759	0.13944	0.14117	0.16521	0.21336	0.21613	0.24274	
29.0 	180.0 	35.0	0.0711 	0.6439 	0.1211 	0.1639 	0.8078 	0.7469	0.03792	0.03834	0.04214	0.04259	0.07205	0.07288	0.07653	0.07740	0.13915	0.14088	0.16493	0.21290	0.21567	0.24229	
30.0 	180.0 	35.0	0.0710 	0.6421 	0.1233 	0.1636 	0.8057 	0.7483	0.03783	0.03825	0.04204	0.04249	0.07186	0.07269	0.07634	0.07721	0.13886	0.14059	0.16465	0.21244	0.21521	0.24186	
31.0 	180.0 	35.0	0.0708 	0.6403 	0.1255 	0.1633 	0.8036 	0.7495	0.03773	0.03815	0.04194	0.04239	0.07167	0.07250	0.07615	0.07701	0.13858	0.14031	0.16439	0.21198	0.21475	0.24143	
32.0 	180.0 	35.0	0.0708 	0.6384 	0.1278 	0.1630 	0.8015 	0.7508	0.03763	0.03805	0.04184	0.04228	0.07147	0.07230	0.07595	0.07682	0.13830	0.14003	0.16415	0.21152	0.21428	0.24101	
33.0 	180.0 	35.0	0.0707 	0.6365 	0.1301 	0.1627 	0.7992 	0.7520	0.03753	0.03795	0.04174	0.04218	0.07127	0.07210	0.07575	0.07662	0.13802	0.13975	0.16392	0.21105	0.21382	0.24060	
34.0 	180.0 	35.0	0.0706 	0.6345 	0.1325 	0.1624 	0.7968 	0.7532	0.03742	0.03784	0.04164	0.04208	0.07106	0.07189	0.07555	0.07641	0.13775	0.13948	0.16370	0.21058	0.21335	0.24020	
35.0 	180.0 	35.0	0.0706 	0.6324 	0.1350 	0.1620 	0.7944 	0.7543	0.03732	0.03774	0.04153	0.04198	0.07085	0.07167	0.07534	0.07620	0.13748	0.13921	0.16349	0.21011	0.21287	0.23980	
36.0 	180.0 	35.0	0.0707 	0.6302 	0.1375 	0.1616 	0.7918 	0.7555	0.03721	0.03763	0.04143	0.04188	0.07063	0.07145	0.07513	0.07599	0.13721	0.13894	0.16330	0.20963	0.21240	0.23941	
37.0 	180.0 	35.0	0.0707 	0.6280 	0.1402 	0.1612 	0.7891 	0.7566	0.03710	0.03752	0.04133	0.04178	0.07040	0.07122	0.07491	0.07577	0.13695	0.13868	0.16312	0.20915	0.21192	0.23903	
38.0 	180.0 	35.0	0.0708 	0.6256 	0.1429 	0.1607 	0.7863 	0.7576	0.03699	0.03740	0.04123	0.04167	0.07017	0.07099	0.07469	0.07555	0.13668	0.13842	0.16295	0.20867	0.21143	0.23865	
39.0 	180.0 	35.0	0.0709 	0.6232 	0.1457 	0.1602 	0.7834 	0.7587	0.03687	0.03729	0.04113	0.04157	0.06993	0.07074	0.07447	0.07532	0.13642	0.13816	0.16280	0.20817	0.21094	0.23829	
40.0 	180.0 	35.0	0.0711 	0.6207 	0.1485 	0.1597 	0.7804 	0.7598	0.03675	0.03717	0.04102	0.04147	0.06968	0.07049	0.07423	0.07508	0.13616	0.13790	0.16266	0.20767	0.21044	0.23792	
41.0 	180.0 	35.0	0.0713 	0.6181 	0.1515 	0.1591 	0.7772 	0.7608	0.03663	0.03704	0.04092	0.04136	0.06942	0.07023	0.07399	0.07484	0.13591	0.13765	0.16254	0.20716	0.20993	0.23756	
42.0 	180.0 	35.0	0.0715 	0.6154 	0.1546 	0.1585 	0.7739 	0.7619	0.03651	0.03692	0.04081	0.04125	0.06916	0.06996	0.07375	0.07459	0.13565	0.13739	0.16243	0.20665	0.20941	0.23721	
43.0 	180.0 	35.0	0.0717 	0.6125 	0.1578 	0.1579 	0.7704 	0.7629	0.03638	0.03679	0.04070	0.04114	0.06888	0.06968	0.07349	0.07434	0.13539	0.13714	0.16233	0.20612	0.20889	0.23686	
44.0 	180.0 	35.0	0.0720 	0.6096 	0.1611 	0.1572 	0.7668 	0.7639	0.03624	0.03665	0.04059	0.04103	0.06859	0.06940	0.07323	0.07407	0.13514	0.13688	0.16225	0.20558	0.20835	0.23651	
45.0 	180.0 	35.0	0.0724 	0.6065 	0.1646 	0.1565 	0.7630 	0.7650	0.03611	0.03651	0.04048	0.04092	0.06830	0.06909	0.07296	0.07380	0.13488	0.13663	0.16218	0.20503	0.20780	0.23617	
46.0 	180.0 	35.0	0.0728 	0.6033 	0.1682 	0.1558 	0.7591 	0.7660	0.03596	0.03637	0.04036	0.04080	0.06799	0.06878	0.07268	0.07352	0.13462	0.13638	0.16212	0.20446	0.20723	0.23583	
47.0 	180.0 	35.0	0.0732 	0.5999 	0.1719 	0.1550 	0.7549 	0.7671	0.03582	0.03622	0.04024	0.04068	0.06766	0.06846	0.07239	0.07323	0.13436	0.13612	0.16208	0.20388	0.20665	0.23549	
48.0 	180.0 	35.0	0.0736 	0.5964 	0.1758 	0.1542 	0.7505 	0.7681	0.03566	0.03607	0.04012	0.04056	0.06733	0.06812	0.07209	0.07293	0.13410	0.13586	0.16206	0.20329	0.20606	0.23516	
49.0 	180.0 	35.0	0.0742 	0.5927 	0.1799 	0.1533 	0.7459 	0.7692	0.03550	0.03591	0.04000	0.04044	0.06698	0.06776	0.07178	0.07261	0.13384	0.13560	0.16205	0.20267	0.20545	0.23482	
50.0 	180.0 	35.0	0.0747 	0.5888 	0.1842 	0.1523 	0.7411 	0.7703	0.03534	0.03574	0.03987	0.04031	0.06661	0.06740	0.07146	0.07229	0.13357	0.13534	0.16205	0.20204	0.20481	0.23448	
51.0 	180.0 	35.0	0.0753 	0.5848 	0.1886 	0.1513 	0.7361 	0.7714	0.03517	0.03556	0.03974	0.04018	0.06623	0.06701	0.07112	0.07195	0.13330	0.13508	0.16207	0.20138	0.20416	0.23415	
52.0 	180.0 	35.0	0.0760 	0.5805 	0.1933 	0.1502 	0.7308 	0.7725	0.03499	0.03538	0.03961	0.04005	0.06583	0.06661	0.07077	0.07159	0.13303	0.13481	0.16211	0.20070	0.20348	0.23381	
53.0 	180.0 	35.0	0.0767 	0.5760 	0.1981 	0.1491 	0.7252 	0.7736	0.03480	0.03519	0.03947	0.03991	0.06541	0.06618	0.07040	0.07122	0.13275	0.13453	0.16216	0.20000	0.20278	0.23347	
54.0 	180.0 	35.0	0.0775 	0.5714 	0.2033 	0.1479 	0.7193 	0.7748	0.03460	0.03499	0.03933	0.03976	0.06497	0.06574	0.07002	0.07083	0.13246	0.13425	0.16223	0.19927	0.20205	0.23312	
55.0 	180.0 	35.0	0.0783 	0.5664 	0.2087 	0.1466 	0.7130 	0.7760	0.03440	0.03479	0.03918	0.03961	0.06451	0.06527	0.06962	0.07043	0.13217	0.13396	0.16231	0.19850	0.20129	0.23277	
56.0 	180.0 	35.0	0.0792 	0.5612 	0.2143 	0.1453 	0.7065 	0.7773	0.03418	0.03457	0.03902	0.03945	0.06402	0.06478	0.06919	0.07000	0.13186	0.13366	0.16241	0.19770	0.20050	0.23241	
57.0 	180.0 	35.0	0.0802 	0.5557 	0.2203 	0.1438 	0.6995 	0.7786	0.03395	0.03434	0.03886	0.03929	0.06351	0.06426	0.06875	0.06955	0.13154	0.13335	0.16252	0.19686	0.19966	0.23204	
58.0 	180.0 	35.0	0.0812 	0.5498 	0.2267 	0.1423 	0.6922 	0.7799	0.03371	0.03409	0.03868	0.03911	0.06296	0.06371	0.06828	0.06908	0.13121	0.13303	0.16265	0.19598	0.19878	0.23165	
59.0 	180.0 	35.0	0.0823 	0.5436 	0.2333 	0.1407 	0.6844 	0.7813	0.03345	0.03384	0.03850	0.03893	0.06239	0.06313	0.06778	0.06857	0.13086	0.13269	0.16278	0.19504	0.19784	0.23125	
60.0 	180.0 	35.0	0.0834 	0.5371 	0.2404 	0.1390 	0.6761 	0.7828	0.03318	0.03356	0.03831	0.03873	0.06178	0.06251	0.06725	0.06804	0.13050	0.13233	0.16294	0.19405	0.19686	0.23082	
61.0 	180.0 	35.0	0.0847 	0.5301 	0.2480 	0.1372 	0.6673 	0.7843	0.03290	0.03328	0.03810	0.03853	0.06113	0.06186	0.06669	0.06748	0.13011	0.13195	0.16310	0.19301	0.19582	0.23038	
62.0 	180.0 	35.0	0.0860 	0.5227 	0.2560 	0.1353 	0.6580 	0.7859	0.03259	0.03297	0.03789	0.03831	0.06044	0.06117	0.06610	0.06688	0.12971	0.13155	0.16328	0.19190	0.19471	0.22991	
63.0 	180.0 	35.0	0.0875 	0.5148 	0.2645 	0.1333 	0.6481 	0.7877	0.03227	0.03264	0.03766	0.03808	0.05971	0.06043	0.06547	0.06624	0.12928	0.13113	0.16348	0.19072	0.19354	0.22942	
64.0 	180.0 	35.0	0.0890 	0.5064 	0.2735 	0.1311 	0.6375 	0.7895	0.03192	0.03229	0.03742	0.03784	0.05893	0.05964	0.06479	0.06556	0.12882	0.13069	0.16370	0.18947	0.19229	0.22890	
65.0 	180.0 	35.0	0.0906 	0.4974 	0.2832 	0.1288 	0.6262 	0.7914	0.03156	0.03192	0.03716	0.03758	0.05809	0.05879	0.06408	0.06484	0.12834	0.13022	0.16394	0.18813	0.19096	0.22835	
66.0 	180.0 	35.0	0.0924 	0.4878 	0.2936 	0.1263 	0.6140 	0.7935	0.03116	0.03152	0.03688	0.03730	0.05720	0.05789	0.06331	0.06407	0.12783	0.12971	0.16420	0.18670	0.18954	0.22776	
67.0 	180.0 	35.0	0.0943 	0.4774 	0.3047 	0.1236 	0.6010 	0.7957	0.03074	0.03110	0.03658	0.03700	0.05625	0.05693	0.06248	0.06324	0.12728	0.12918	0.16449	0.18518	0.18802	0.22714	
68.0 	180.0 	35.0	0.0964 	0.4663 	0.3166 	0.1207 	0.5870 	0.7982	0.03029	0.03064	0.03627	0.03668	0.05522	0.05589	0.06160	0.06234	0.12669	0.12860	0.16480	0.18354	0.18639	0.22648	
70.0 	180.0 	35.0	0.1010 	0.4414 	0.3433 	0.1143 	0.5557 	0.8037	0.02928	0.02962	0.03556	0.03597	0.05292	0.05357	0.05962	0.06035	0.12539	0.12733	0.16550	0.17988	0.18275	0.22501	
 0.0 	 0.0 	50.0	0.0568 	0.6354 	0.0893 	0.2184 	0.8538 	0.6322	0.03718	0.03746	0.04060	0.04091	0.07130	0.07186	0.07497	0.07556	0.13062	0.13181	0.15170	0.20260	0.20452	0.22701	
 5.0 	 0.0 	50.0	0.0639 	0.6286 	0.0929 	0.2145 	0.8432 	0.6798	0.03718	0.03745	0.04098	0.04128	0.07092	0.07147	0.07497	0.07554	0.13220	0.13339	0.15518	0.20333	0.20521	0.22957	
10.0 	 0.0 	50.0	0.0708 	0.6249 	0.0930 	0.2114 	0.8363 	0.7044	0.03732	0.03760	0.04150	0.04179	0.07086	0.07139	0.07527	0.07583	0.13425	0.13544	0.15903	0.20492	0.20680	0.23296	
20.0 	 0.0 	50.0	0.0867 	0.6189 	0.0903 	0.2041 	0.8230 	0.7321	0.03782	0.03809	0.04285	0.04315	0.07103	0.07156	0.07630	0.07686	0.13966	0.14089	0.16870	0.20970	0.21161	0.24203	
21.0 	 0.0 	50.0	0.0886 	0.6183 	0.0899 	0.2032 	0.8215 	0.7341	0.03789	0.03816	0.04301	0.04331	0.07106	0.07159	0.07643	0.07699	0.14032	0.14155	0.16985	0.21029	0.21221	0.24313	
22.0 	 0.0 	50.0	0.0905 	0.6177 	0.0895 	0.2023 	0.8200 	0.7360	0.03795	0.03823	0.04318	0.04348	0.07110	0.07162	0.07657	0.07713	0.14099	0.14224	0.17105	0.21091	0.21284	0.24427	
23.0 	 0.0 	50.0	0.0925 	0.6171 	0.0891 	0.2013 	0.8184 	0.7378	0.03802	0.03830	0.04336	0.04366	0.07114	0.07166	0.07671	0.07727	0.14170	0.14295	0.17228	0.21156	0.21350	0.24546	
24.0 	 0.0 	50.0	0.0945 	0.6166 	0.0887 	0.2002 	0.8168 	0.7395	0.03810	0.03837	0.04354	0.04384	0.07118	0.07170	0.07686	0.07742	0.14243	0.14369	0.17357	0.21224	0.21418	0.24670	
25.0 	 0.0 	50.0	0.0966 	0.6160 	0.0883 	0.1991 	0.8151 	0.7411	0.03818	0.03845	0.04373	0.04404	0.07122	0.07174	0.07702	0.07758	0.14320	0.14447	0.17490	0.21295	0.21490	0.24799	
26.0 	 0.0 	50.0	0.0988 	0.6154 	0.0878 	0.1980 	0.8134 	0.7426	0.03826	0.03853	0.04393	0.04424	0.07127	0.07179	0.07719	0.07775	0.14399	0.14527	0.17629	0.21370	0.21566	0.24933	
27.0 	 0.0 	50.0	0.1010 	0.6148 	0.0874 	0.1967 	0.8116 	0.7441	0.03834	0.03861	0.04414	0.04444	0.07132	0.07185	0.07736	0.07793	0.14482	0.14611	0.17774	0.21448	0.21645	0.25074	
28.0 	 0.0 	50.0	0.1034 	0.6143 	0.0869 	0.1954 	0.8097 	0.7456	0.03843	0.03870	0.04435	0.04466	0.07138	0.07191	0.07755	0.07812	0.14570	0.14700	0.17925	0.21530	0.21728	0.25221	
29.0 	 0.0 	50.0	0.1058 	0.6137 	0.0864 	0.1940 	0.8078 	0.7469	0.03853	0.03880	0.04458	0.04489	0.07145	0.07197	0.07775	0.07831	0.14661	0.14792	0.18083	0.21616	0.21816	0.25375	
30.0 	 0.0 	50.0	0.1084 	0.6132 	0.0859 	0.1926 	0.8057 	0.7483	0.03863	0.03890	0.04482	0.04513	0.07152	0.07204	0.07796	0.07853	0.14757	0.14889	0.18248	0.21707	0.21908	0.25537	
31.0 	 0.0 	50.0	0.1110 	0.6127 	0.0853 	0.1910 	0.8036 	0.7495	0.03874	0.03901	0.04507	0.04539	0.07160	0.07212	0.07818	0.07875	0.14857	0.14991	0.18421	0.21804	0.22006	0.25707	
32.0 	 0.0 	50.0	0.1138 	0.6122 	0.0847 	0.1893 	0.8015 	0.7508	0.03886	0.03913	0.04534	0.04565	0.07168	0.07221	0.07842	0.07899	0.14964	0.15099	0.18604	0.21907	0.22110	0.25887	
33.0 	 0.0 	50.0	0.1167 	0.6118 	0.0841 	0.1874 	0.7992 	0.7520	0.03898	0.03926	0.04562	0.04594	0.07178	0.07231	0.07867	0.07925	0.15076	0.15214	0.18796	0.22016	0.22222	0.26077	
34.0 	 0.0 	50.0	0.1197 	0.6114 	0.0834 	0.1854 	0.7968 	0.7532	0.03912	0.03939	0.04592	0.04624	0.07190	0.07242	0.07895	0.07953	0.15196	0.15335	0.19000	0.22133	0.22340	0.26279	
35.0 	 0.0 	50.0	0.1229 	0.6111 	0.0827 	0.1833 	0.7944 	0.7543	0.03926	0.03954	0.04624	0.04656	0.07202	0.07255	0.07925	0.07983	0.15324	0.15465	0.19215	0.22258	0.22468	0.26495	
36.0 	 0.0 	50.0	0.1263 	0.6109 	0.0819 	0.1809 	0.7918 	0.7555	0.03942	0.03970	0.04658	0.04691	0.07217	0.07270	0.07958	0.08017	0.15460	0.15604	0.19445	0.22394	0.22606	0.26725	
37.0 	 0.0 	50.0	0.1299 	0.6108 	0.0810 	0.1784 	0.7891 	0.7566	0.03960	0.03988	0.04695	0.04728	0.07233	0.07286	0.07994	0.08053	0.15607	0.15753	0.19691	0.22541	0.22756	0.26973	
38.0 	 0.0 	50.0	0.1337 	0.6108 	0.0800 	0.1755 	0.7863 	0.7576	0.03979	0.04008	0.04735	0.04769	0.07253	0.07306	0.08034	0.08093	0.15766	0.15915	0.19956	0.22702	0.22920	0.27241	
39.0 	 0.0 	50.0	0.1378 	0.6110 	0.0788 	0.1724 	0.7834 	0.7587	0.04001	0.04030	0.04778	0.04813	0.07275	0.07328	0.08078	0.08138	0.15939	0.16092	0.20242	0.22879	0.23101	0.27533	
40.0 	 0.0 	50.0	0.1421 	0.6115 	0.0775 	0.1689 	0.7804 	0.7598	0.04026	0.04055	0.04826	0.04862	0.07301	0.07355	0.08128	0.08189	0.16129	0.16286	0.20553	0.23076	0.23302	0.27853	
41.0 	 0.0 	50.0	0.1468 	0.6123 	0.0759 	0.1649 	0.7772 	0.7608	0.04054	0.04083	0.04880	0.04916	0.07333	0.07387	0.08185	0.08247	0.16340	0.16501	0.20896	0.23296	0.23527	0.28208	
42.0 	 0.0 	50.0	0.1520 	0.6136 	0.0741 	0.1603 	0.7739 	0.7619	0.04086	0.04116	0.04940	0.04977	0.07371	0.07425	0.08251	0.08314	0.16575	0.16742	0.21276	0.23547	0.23783	0.28604	
43.0 	 0.0 	50.0	0.1576 	0.6154 	0.0719 	0.1551 	0.7704 	0.7629	0.04124	0.04155	0.05008	0.05047	0.07417	0.07472	0.08328	0.08392	0.16843	0.17016	0.21703	0.23835	0.24077	0.29054	
44.0 	 0.0 	50.0	0.1640 	0.6180 	0.0692 	0.1488 	0.7668 	0.7639	0.04169	0.04201	0.05087	0.05128	0.07475	0.07530	0.08420	0.08485	0.17152	0.17333	0.22191	0.24173	0.24423	0.29574	
45.0 	 0.0 	50.0	0.1711 	0.6217 	0.0659 	0.1413 	0.7630 	0.7650	0.04225	0.04257	0.05181	0.05224	0.07548	0.07604	0.08532	0.08599	0.17518	0.17709	0.22760	0.24578	0.24839	0.30186	
46.0 	 0.0 	50.0	0.1794 	0.6271 	0.0615 	0.1319 	0.7591 	0.7660	0.04294	0.04328	0.05296	0.05341	0.07644	0.07702	0.08673	0.08743	0.17962	0.18166	0.23443	0.25080	0.25354	0.30929	
47.0 	 0.0 	50.0	0.1895 	0.6352 	0.0556 	0.1197 	0.7549 	0.7671	0.04386	0.04422	0.05441	0.05491	0.07776	0.07835	0.08858	0.08933	0.18526	0.18747	0.24297	0.25728	0.26021	0.31872	
48.0 	 0.0 	50.0	0.2022 	0.6480 	0.0473 	0.1026 	0.7505 	0.7681	0.04516	0.04554	0.05639	0.05694	0.07968	0.08030	0.09119	0.09199	0.19290	0.19537	0.25435	0.26625	0.26944	0.33146	
49.0 	 0.0 	50.0	0.2202 	0.6706 	0.0339 	0.0753 	0.7459 	0.7692	0.04722	0.04766	0.05942	0.06008	0.08287	0.08355	0.09536	0.09626	0.20462	0.20754	0.27147	0.28031	0.28397	0.35099	
50.0 	 0.0 	50.0	0.2589 	0.7411 	0.0000 	0.0000 	0.7411 	0.7703	0.05279	0.05338	0.06708	0.06807	0.09195	0.09279	0.10654	0.10778	0.23448	0.23880	0.31374	0.31739	0.32250	0.40061	
51.0 	 0.0 	50.0	0.2212 	0.6679 	0.0427 	0.0682 	0.7361 	0.7714	0.04714	0.04757	0.05941	0.06007	0.08263	0.08330	0.09520	0.09610	0.20485	0.20780	0.27226	0.28031	0.28399	0.35159	
52.0 	 0.0 	50.0	0.2051 	0.6406 	0.0641 	0.0902 	0.7308 	0.7725	0.04493	0.04532	0.05636	0.05692	0.07905	0.07967	0.09077	0.09158	0.19341	0.19594	0.25619	0.26610	0.26935	0.33275	
53.0 	 0.0 	50.0	0.1948 	0.6224 	0.0801 	0.1028 	0.7252 	0.7736	0.04348	0.04384	0.05438	0.05488	0.07668	0.07727	0.08787	0.08861	0.18610	0.18839	0.24602	0.25696	0.25996	0.32074	
54.0 	 0.0 	50.0	0.1874 	0.6083 	0.0933 	0.1109 	0.7193 	0.7748	0.04240	0.04273	0.05292	0.05338	0.07488	0.07545	0.08570	0.08640	0.18082	0.18296	0.23878	0.25028	0.25311	0.31212	
55.0 	 0.0 	50.0	0.1820 	0.5965 	0.1050 	0.1165 	0.7130 	0.7760	0.04153	0.04185	0.05177	0.05221	0.07341	0.07396	0.08396	0.08463	0.17677	0.17879	0.23334	0.24506	0.24777	0.30553	
56.0 	 0.0 	50.0	0.1779 	0.5861 	0.1156 	0.1204 	0.7065 	0.7773	0.04079	0.04110	0.05084	0.05125	0.07214	0.07268	0.08249	0.08315	0.17352	0.17547	0.22910	0.24078	0.24341	0.30028	
57.0 	 0.0 	50.0	0.1748 	0.5765 	0.1256 	0.1230 	0.6995 	0.7786	0.04015	0.04045	0.05005	0.05045	0.07100	0.07154	0.08121	0.08185	0.17085	0.17274	0.22573	0.23717	0.23974	0.29600	
58.0 	 0.0 	50.0	0.1726 	0.5674 	0.1353 	0.1247 	0.6922 	0.7799	0.03958	0.03987	0.04937	0.04976	0.06996	0.07048	0.08007	0.08070	0.16861	0.17045	0.22302	0.23405	0.23656	0.29244	
59.0 	 0.0 	50.0	0.1709 	0.5587 	0.1447 	0.1257 	0.6844 	0.7813	0.03905	0.03934	0.04878	0.04916	0.06898	0.06950	0.07903	0.07964	0.16670	0.16851	0.22084	0.23129	0.23376	0.28944	
60.0 	 0.0 	50.0	0.1699 	0.5500 	0.1540 	0.1261 	0.6761 	0.7828	0.03856	0.03884	0.04825	0.04862	0.06804	0.06855	0.07806	0.07866	0.16506	0.16684	0.21909	0.22881	0.23125	0.28689	
61.0 	 0.0 	50.0	0.1693 	0.5413 	0.1633 	0.1260 	0.6673 	0.7843	0.03809	0.03837	0.04777	0.04814	0.06713	0.06763	0.07713	0.07773	0.16364	0.16539	0.21770	0.22655	0.22897	0.28472	
62.0 	 0.0 	50.0	0.1692 	0.5325 	0.1728 	0.1255 	0.6580 	0.7859	0.03764	0.03792	0.04734	0.04770	0.06622	0.06672	0.07625	0.07684	0.16240	0.16414	0.21664	0.22447	0.22687	0.28285	
63.0 	 0.0 	50.0	0.1695 	0.5236 	0.1824 	0.1245 	0.6481 	0.7877	0.03721	0.03748	0.04694	0.04729	0.06532	0.06581	0.07539	0.07597	0.16132	0.16304	0.21586	0.22253	0.22491	0.28126	
64.0 	 0.0 	50.0	0.1703 	0.5143 	0.1923 	0.1232 	0.6375 	0.7895	0.03678	0.03705	0.04657	0.04692	0.06441	0.06489	0.07455	0.07512	0.16037	0.16209	0.21533	0.22070	0.22307	0.27991	
65.0 	 0.0 	50.0	0.1714 	0.5047 	0.2025 	0.1215 	0.6262 	0.7914	0.03635	0.03662	0.04623	0.04657	0.06348	0.06395	0.07371	0.07427	0.15954	0.16126	0.21505	0.21896	0.22132	0.27877	
66.0 	 0.0 	50.0	0.1729 	0.4947 	0.2131 	0.1194 	0.6140 	0.7935	0.03592	0.03618	0.04590	0.04625	0.06252	0.06299	0.07287	0.07343	0.15882	0.16054	0.21500	0.21729	0.21965	0.27782	
67.0 	 0.0 	50.0	0.1748 	0.4841 	0.2242 	0.1169 	0.6010 	0.7957	0.03549	0.03575	0.04560	0.04594	0.06154	0.06200	0.07202	0.07257	0.15821	0.15992	0.21518	0.21567	0.21802	0.27706	
68.0 	 0.0 	50.0	0.1771 	0.4730 	0.2358 	0.1141 	0.5870 	0.7982	0.03504	0.03530	0.04530	0.04564	0.06051	0.06097	0.07115	0.07170	0.15768	0.15940	0.21557	0.21408	0.21644	0.27647	
70.0 	 0.0 	50.0	0.1831 	0.4485 	0.2612 	0.1072 	0.5557 	0.8037	0.03411	0.03436	0.04476	0.04509	0.05830	0.05875	0.06934	0.06988	0.15689	0.15862	0.21705	0.21098	0.21335	0.27580	
 0.0 	180.0 	50.0	0.0568 	0.6354 	0.0893 	0.2184 	0.8538 	0.6322	0.03717	0.03746	0.04060	0.04091	0.07130	0.07186	0.07497	0.07556	0.13062	0.13181	0.15170	0.20260	0.20452	0.22700	
 5.0 	180.0 	50.0	0.0548 	0.6270 	0.1020 	0.2162 	0.8432 	0.6798	0.03663	0.03690	0.03996	0.04026	0.07029	0.07084	0.07387	0.07443	0.12845	0.12962	0.14917	0.19940	0.20127	0.22339	
10.0 	180.0 	50.0	0.0523 	0.6213 	0.1115 	0.2149 	0.8363 	0.7044	0.03621	0.03648	0.03942	0.03971	0.06957	0.07010	0.07302	0.07358	0.12662	0.12778	0.14684	0.19692	0.19877	0.22040	
20.0 	180.0 	50.0	0.0482 	0.6107 	0.1288 	0.2124 	0.8230 	0.7321	0.03546	0.03572	0.03849	0.03877	0.06825	0.06877	0.07152	0.07207	0.12359	0.12475	0.14310	0.19277	0.19460	0.21556	
21.0 	180.0 	50.0	0.0479 	0.6095 	0.1306 	0.2121 	0.8215 	0.7341	0.03538	0.03565	0.03840	0.03869	0.06812	0.06864	0.07137	0.07192	0.12332	0.12448	0.14279	0.19239	0.19421	0.21514	
22.0 	180.0 	50.0	0.0476 	0.6083 	0.1324 	0.2117 	0.8200 	0.7360	0.03531	0.03557	0.03831	0.03860	0.06798	0.06850	0.07122	0.07177	0.12306	0.12422	0.14250	0.19200	0.19383	0.21473	
23.0 	180.0 	50.0	0.0473 	0.6071 	0.1342 	0.2114 	0.8184 	0.7378	0.03523	0.03550	0.03823	0.03851	0.06784	0.06836	0.07107	0.07162	0.12280	0.12396	0.14221	0.19162	0.19345	0.21433	
24.0 	180.0 	50.0	0.0471 	0.6058 	0.1361 	0.2110 	0.8168 	0.7395	0.03516	0.03542	0.03814	0.03843	0.06770	0.06821	0.07092	0.07147	0.12254	0.12370	0.14194	0.19124	0.19307	0.21393	
25.0 	180.0 	50.0	0.0469 	0.6045 	0.1380 	0.2106 	0.8151 	0.7411	0.03508	0.03534	0.03806	0.03834	0.06755	0.06807	0.07077	0.07131	0.12229	0.12345	0.14168	0.19086	0.19269	0.21355	
26.0 	180.0 	50.0	0.0467 	0.6032 	0.1400 	0.2102 	0.8134 	0.7426	0.03500	0.03526	0.03797	0.03826	0.06740	0.06792	0.07062	0.07116	0.12204	0.12321	0.14142	0.19048	0.19231	0.21317	
27.0 	180.0 	50.0	0.0465 	0.6018 	0.1420 	0.2098 	0.8116 	0.7441	0.03492	0.03518	0.03789	0.03817	0.06725	0.06776	0.07046	0.07100	0.12180	0.12296	0.14118	0.19010	0.19194	0.21281	
28.0 	180.0 	50.0	0.0463 	0.6003 	0.1440 	0.2094 	0.8097 	0.7456	0.03484	0.03510	0.03780	0.03809	0.06709	0.06761	0.07030	0.07084	0.12156	0.12273	0.14095	0.18973	0.19156	0.21244	
29.0 	180.0 	50.0	0.0462 	0.5989 	0.1461 	0.2089 	0.8078 	0.7469	0.03476	0.03502	0.03772	0.03800	0.06693	0.06745	0.07014	0.07068	0.12132	0.12249	0.14073	0.18934	0.19118	0.21209	
30.0 	180.0 	50.0	0.0461 	0.5973 	0.1482 	0.2084 	0.8057 	0.7483	0.03468	0.03494	0.03763	0.03792	0.06677	0.06728	0.06997	0.07051	0.12109	0.12226	0.14052	0.18896	0.19079	0.21174	
31.0 	180.0 	50.0	0.0460 	0.5957 	0.1504 	0.2079 	0.8036 	0.7495	0.03459	0.03485	0.03755	0.03783	0.06660	0.06711	0.06981	0.07035	0.12085	0.12202	0.14032	0.18857	0.19041	0.21139	
32.0 	180.0 	50.0	0.0459 	0.5941 	0.1527 	0.2074 	0.8015 	0.7508	0.03451	0.03476	0.03746	0.03775	0.06643	0.06694	0.06963	0.07017	0.12062	0.12179	0.14012	0.18818	0.19002	0.21105	
33.0 	180.0 	50.0	0.0458 	0.5924 	0.1550 	0.2068 	0.7992 	0.7520	0.03442	0.03468	0.03737	0.03766	0.06625	0.06676	0.06946	0.07000	0.12039	0.12157	0.13994	0.18779	0.18963	0.21072	
34.0 	180.0 	50.0	0.0458 	0.5906 	0.1574 	0.2062 	0.7968 	0.7532	0.03433	0.03458	0.03729	0.03757	0.06607	0.06657	0.06928	0.06982	0.12016	0.12134	0.13977	0.18739	0.18923	0.21039	
35.0 	180.0 	50.0	0.0458 	0.5888 	0.1598 	0.2056 	0.7944 	0.7543	0.03423	0.03449	0.03720	0.03748	0.06588	0.06638	0.06910	0.06963	0.11993	0.12111	0.13960	0.18699	0.18883	0.21006	
36.0 	180.0 	50.0	0.0458 	0.5869 	0.1624 	0.2049 	0.7918 	0.7555	0.03414	0.03439	0.03711	0.03739	0.06568	0.06618	0.06891	0.06945	0.11970	0.12089	0.13945	0.18658	0.18842	0.20973	
37.0 	180.0 	50.0	0.0458 	0.5849 	0.1650 	0.2043 	0.7891 	0.7566	0.03404	0.03430	0.03702	0.03730	0.06548	0.06598	0.06872	0.06925	0.11947	0.12066	0.13930	0.18616	0.18801	0.20941	
38.0 	180.0 	50.0	0.0459 	0.5828 	0.1677 	0.2036 	0.7863 	0.7576	0.03394	0.03419	0.03693	0.03721	0.06527	0.06577	0.06852	0.06905	0.11925	0.12044	0.13916	0.18573	0.18758	0.20909	
39.0 	180.0 	50.0	0.0460 	0.5806 	0.1706 	0.2028 	0.7834 	0.7587	0.03383	0.03409	0.03683	0.03712	0.06505	0.06555	0.06831	0.06884	0.11902	0.12021	0.13903	0.18530	0.18715	0.20876	
40.0 	180.0 	50.0	0.0461 	0.5784 	0.1735 	0.2020 	0.7804 	0.7598	0.03372	0.03398	0.03674	0.03702	0.06482	0.06532	0.06810	0.06863	0.11878	0.11998	0.13891	0.18485	0.18671	0.20844	
41.0 	180.0 	50.0	0.0462 	0.5760 	0.1765 	0.2012 	0.7772 	0.7608	0.03361	0.03387	0.03664	0.03693	0.06459	0.06508	0.06788	0.06841	0.11855	0.11975	0.13879	0.18439	0.18625	0.20812	
42.0 	180.0 	50.0	0.0464 	0.5736 	0.1797 	0.2003 	0.7739 	0.7619	0.03350	0.03375	0.03654	0.03682	0.06434	0.06484	0.06765	0.06818	0.11830	0.11951	0.13867	0.18392	0.18578	0.20779	
43.0 	180.0 	50.0	0.0465 	0.5710 	0.1830 	0.1994 	0.7704 	0.7629	0.03337	0.03363	0.03644	0.03672	0.06409	0.06458	0.06741	0.06794	0.11805	0.11926	0.13856	0.18342	0.18529	0.20744	
44.0 	180.0 	50.0	0.0467 	0.5683 	0.1865 	0.1985 	0.7668 	0.7639	0.03325	0.03350	0.03633	0.03661	0.06382	0.06431	0.06717	0.06770	0.11780	0.11901	0.13844	0.18291	0.18478	0.20709	
45.0 	180.0 	50.0	0.0469 	0.5655 	0.1901 	0.1975 	0.7630 	0.7650	0.03312	0.03337	0.03621	0.03650	0.06354	0.06403	0.06691	0.06744	0.11753	0.11875	0.13833	0.18238	0.18425	0.20673	
46.0 	180.0 	50.0	0.0471 	0.5626 	0.1938 	0.1965 	0.7591 	0.7660	0.03298	0.03323	0.03610	0.03638	0.06325	0.06374	0.06664	0.06717	0.11725	0.11848	0.13821	0.18183	0.18370	0.20636	
47.0 	180.0 	50.0	0.0474 	0.5595 	0.1977 	0.1954 	0.7549 	0.7671	0.03284	0.03309	0.03597	0.03626	0.06294	0.06343	0.06636	0.06688	0.11697	0.11819	0.13809	0.18125	0.18313	0.20597	
48.0 	180.0 	50.0	0.0476 	0.5562 	0.2019 	0.1943 	0.7505 	0.7681	0.03268	0.03294	0.03585	0.03613	0.06262	0.06311	0.06606	0.06659	0.11667	0.11790	0.13798	0.18065	0.18253	0.20557	
49.0 	180.0 	50.0	0.0479 	0.5528 	0.2062 	0.1931 	0.7459 	0.7692	0.03253	0.03278	0.03571	0.03600	0.06228	0.06277	0.06575	0.06628	0.11636	0.11760	0.13786	0.18002	0.18191	0.20516	
50.0 	180.0 	50.0	0.0482 	0.5493 	0.2107 	0.1919 	0.7411 	0.7703	0.03236	0.03261	0.03558	0.03586	0.06193	0.06242	0.06543	0.06595	0.11604	0.11729	0.13775	0.17936	0.18126	0.20473	
51.0 	180.0 	50.0	0.0485 	0.5455 	0.2154 	0.1905 	0.7361 	0.7714	0.03219	0.03244	0.03543	0.03572	0.06156	0.06205	0.06509	0.06561	0.11571	0.11696	0.13763	0.17868	0.18058	0.20429	
52.0 	180.0 	50.0	0.0488 	0.5416 	0.2204 	0.1892 	0.7308 	0.7725	0.03201	0.03226	0.03528	0.03556	0.06117	0.06166	0.06474	0.06526	0.11536	0.11662	0.13751	0.17796	0.17986	0.20382	
53.0 	180.0 	50.0	0.0492 	0.5374 	0.2256 	0.1877 	0.7252 	0.7736	0.03182	0.03207	0.03512	0.03541	0.06077	0.06124	0.06436	0.06488	0.11500	0.11627	0.13739	0.17721	0.17912	0.20334	
54.0 	180.0 	50.0	0.0496 	0.5331 	0.2311 	0.1862 	0.7193 	0.7748	0.03162	0.03187	0.03495	0.03524	0.06034	0.06081	0.06397	0.06449	0.11462	0.11589	0.13727	0.17642	0.17833	0.20284	
55.0 	180.0 	50.0	0.0500 	0.5284 	0.2369 	0.1846 	0.7130 	0.7760	0.03141	0.03165	0.03478	0.03507	0.05988	0.06036	0.06356	0.06408	0.11423	0.11551	0.13715	0.17559	0.17751	0.20232	
56.0 	180.0 	50.0	0.0505 	0.5236 	0.2431 	0.1829 	0.7065 	0.7773	0.03118	0.03143	0.03460	0.03488	0.05940	0.05988	0.06312	0.06364	0.11381	0.11510	0.13703	0.17471	0.17664	0.20177	
57.0 	180.0 	50.0	0.0510 	0.5184 	0.2495 	0.1811 	0.6995 	0.7786	0.03095	0.03120	0.03440	0.03469	0.05890	0.05937	0.06266	0.06318	0.11338	0.11467	0.13690	0.17379	0.17573	0.20120	
58.0 	180.0 	50.0	0.0515 	0.5130 	0.2563 	0.1792 	0.6922 	0.7799	0.03070	0.03095	0.03420	0.03449	0.05837	0.05883	0.06218	0.06269	0.11292	0.11422	0.13677	0.17282	0.17477	0.20059	
59.0 	180.0 	50.0	0.0521 	0.5072 	0.2636 	0.1772 	0.6844 	0.7813	0.03044	0.03068	0.03399	0.03427	0.05780	0.05827	0.06166	0.06218	0.11244	0.11375	0.13664	0.17180	0.17375	0.19996	
60.0 	180.0 	50.0	0.0527 	0.5011 	0.2712 	0.1750 	0.6761 	0.7828	0.03016	0.03041	0.03376	0.03404	0.05720	0.05766	0.06112	0.06163	0.11193	0.11325	0.13650	0.17071	0.17268	0.19929	
61.0 	180.0 	50.0	0.0533 	0.4946 	0.2793 	0.1728 	0.6673 	0.7843	0.02987	0.03011	0.03352	0.03380	0.05657	0.05703	0.06054	0.06105	0.11139	0.11272	0.13637	0.16956	0.17154	0.19859	
62.0 	180.0 	50.0	0.0540 	0.4877 	0.2880 	0.1703 	0.6580 	0.7859	0.02956	0.02980	0.03326	0.03355	0.05589	0.05635	0.05993	0.06044	0.11082	0.11217	0.13622	0.16834	0.17033	0.19784	
63.0 	180.0 	50.0	0.0548 	0.4803 	0.2972 	0.1678 	0.6481 	0.7877	0.02922	0.02946	0.03299	0.03328	0.05517	0.05562	0.05928	0.05979	0.11022	0.11158	0.13607	0.16705	0.16904	0.19705	
64.0 	180.0 	50.0	0.0556 	0.4725 	0.3070 	0.1650 	0.6375 	0.7895	0.02887	0.02911	0.03270	0.03299	0.05440	0.05485	0.05859	0.05909	0.10958	0.11095	0.13592	0.16567	0.16767	0.19621	
65.0 	180.0 	50.0	0.0564 	0.4641 	0.3174 	0.1621 	0.6262 	0.7914	0.02849	0.02873	0.03240	0.03268	0.05358	0.05403	0.05784	0.05835	0.10889	0.11028	0.13576	0.16420	0.16621	0.19532	
66.0 	180.0 	50.0	0.0574 	0.4551 	0.3286 	0.1590 	0.6140 	0.7935	0.02808	0.02832	0.03207	0.03235	0.05271	0.05315	0.05705	0.05755	0.10817	0.10956	0.13559	0.16262	0.16465	0.19437	
67.0 	180.0 	50.0	0.0584 	0.4454 	0.3406 	0.1556 	0.6010 	0.7957	0.02765	0.02788	0.03171	0.03200	0.05177	0.05220	0.05620	0.05670	0.10739	0.10880	0.13542	0.16094	0.16298	0.19336	
68.0 	180.0 	50.0	0.0595 	0.4351 	0.3535 	0.1520 	0.5870 	0.7982	0.02718	0.02741	0.03134	0.03162	0.05076	0.05119	0.05529	0.05578	0.10655	0.10798	0.13523	0.15913	0.16119	0.19227	
70.0 	180.0 	50.0	0.0619 	0.4119 	0.3823 	0.1439 	0.5557 	0.8037	0.02614	0.02637	0.03049	0.03078	0.04849	0.04892	0.05324	0.05373	0.10469	0.10616	0.13483	0.15508	0.15718	0.18985	
