 0.0 	 0.0 	25.0	0.1170 	0.7255 	0.0292 	0.1283 	0.8538 	0.6322	0.04441	0.04512	0.05098	0.05174	0.08277	0.08418	0.08968	0.09114	0.17283	0.17559	0.20961	0.25789	0.26232	0.29896	
 5.0 	 0.0 	25.0	0.1248 	0.7294 	0.0241 	0.1217 	0.8511 	0.6425	0.04500	0.04572	0.05197	0.05275	0.08354	0.08495	0.09086	0.09233	0.17652	0.17935	0.21533	0.26192	0.26642	0.30501	
10.0 	 0.0 	25.0	0.1343 	0.7333 	0.0207 	0.1117 	0.8450 	0.6635	0.04566	0.04639	0.05314	0.05393	0.08439	0.08579	0.09220	0.09368	0.18092	0.18385	0.22228	0.26660	0.27120	0.31222	
20.0 	 0.0 	25.0	0.1570 	0.7567 	0.0128 	0.0735 	0.8302 	0.6994	0.04799	0.04875	0.05668	0.05757	0.08785	0.08928	0.09688	0.09844	0.19439	0.19778	0.24237	0.28231	0.28737	0.33459	
21.0 	 0.0 	25.0	0.1599 	0.7622 	0.0115 	0.0664 	0.8286 	0.7021	0.04842	0.04919	0.05726	0.05817	0.08855	0.08999	0.09773	0.09931	0.19660	0.20008	0.24547	0.28508	0.29023	0.33827	
22.0 	 0.0 	25.0	0.1630 	0.7693 	0.0100 	0.0577 	0.8270 	0.7047	0.04893	0.04971	0.05795	0.05888	0.08941	0.09086	0.09876	0.10037	0.19920	0.20280	0.24909	0.28839	0.29367	0.34262	
23.0 	 0.0 	25.0	0.1666 	0.7786 	0.0082 	0.0467 	0.8253 	0.7071	0.04959	0.05038	0.05880	0.05976	0.09053	0.09199	0.10008	0.10171	0.20243	0.20618	0.25351	0.29257	0.29801	0.34801	
24.0 	 0.0 	25.0	0.1709 	0.7923 	0.0055 	0.0313 	0.8235 	0.7094	0.05050	0.05132	0.05995	0.06096	0.09213	0.09361	0.10191	0.10359	0.20681	0.21077	0.25940	0.29835	0.30401	0.35532	
25.0 	 0.0 	25.0	0.1782 	0.8218 	0.0000 	0.0000 	0.8218 	0.7116	0.05237	0.05324	0.06222	0.06334	0.09547	0.09700	0.10565	0.10744	0.21543	0.21985	0.27071	0.30999	0.31613	0.36972	
26.0 	 0.0 	25.0	0.1713 	0.7917 	0.0088 	0.0283 	0.8199 	0.7137	0.05049	0.05131	0.05996	0.06097	0.09208	0.09355	0.10189	0.10357	0.20692	0.21089	0.25971	0.29838	0.30404	0.35557	
27.0 	 0.0 	25.0	0.1677 	0.7768 	0.0142 	0.0412 	0.8181 	0.7157	0.04955	0.05034	0.05883	0.05979	0.09040	0.09184	0.10001	0.10164	0.20271	0.20647	0.25428	0.29264	0.29808	0.34859	
28.0 	 0.0 	25.0	0.1651 	0.7660 	0.0188 	0.0502 	0.8161 	0.7176	0.04887	0.04964	0.05801	0.05894	0.08917	0.09059	0.09864	0.10024	0.19969	0.20331	0.25041	0.28850	0.29379	0.34359	
29.0 	 0.0 	25.0	0.1631 	0.7572 	0.0227 	0.0569 	0.8141 	0.7194	0.04832	0.04909	0.05736	0.05827	0.08818	0.08959	0.09755	0.09912	0.19731	0.20083	0.24741	0.28523	0.29040	0.33968	
30.0 	 0.0 	25.0	0.1615 	0.7498 	0.0264 	0.0623 	0.8121 	0.7211	0.04786	0.04862	0.05682	0.05771	0.08735	0.08875	0.09664	0.09818	0.19536	0.19879	0.24498	0.28251	0.28759	0.33647	
31.0 	 0.0 	25.0	0.1603 	0.7432 	0.0298 	0.0667 	0.8099 	0.7228	0.04747	0.04821	0.05636	0.05723	0.08662	0.08801	0.09584	0.09737	0.19371	0.19707	0.24294	0.28018	0.28518	0.33376	
32.0 	 0.0 	25.0	0.1592 	0.7373 	0.0330 	0.0704 	0.8077 	0.7244	0.04712	0.04785	0.05595	0.05681	0.08596	0.08734	0.09514	0.09665	0.19228	0.19558	0.24121	0.27815	0.28308	0.33142	
33.0 	 0.0 	25.0	0.1584 	0.7318 	0.0362 	0.0736 	0.8054 	0.7259	0.04680	0.04753	0.05559	0.05644	0.08537	0.08674	0.09451	0.09600	0.19103	0.19427	0.23972	0.27633	0.28121	0.32938	
34.0 	 0.0 	25.0	0.1577 	0.7267 	0.0392 	0.0763 	0.8030 	0.7274	0.04651	0.04723	0.05527	0.05610	0.08482	0.08618	0.09392	0.09540	0.18991	0.19311	0.23842	0.27470	0.27952	0.32757	
35.0 	 0.0 	25.0	0.1572 	0.7219 	0.0422 	0.0787 	0.8006 	0.7288	0.04624	0.04695	0.05498	0.05580	0.08431	0.08566	0.09339	0.09485	0.18891	0.19207	0.23729	0.27321	0.27798	0.32595	
36.0 	 0.0 	25.0	0.1569 	0.7173 	0.0451 	0.0807 	0.7980 	0.7301	0.04598	0.04669	0.05471	0.05552	0.08382	0.08516	0.09288	0.09434	0.18801	0.19114	0.23631	0.27183	0.27657	0.32450	
37.0 	 0.0 	25.0	0.1566 	0.7128 	0.0480 	0.0825 	0.7954 	0.7315	0.04574	0.04645	0.05446	0.05526	0.08335	0.08469	0.09241	0.09385	0.18719	0.19029	0.23544	0.27056	0.27526	0.32319	
38.0 	 0.0 	25.0	0.1565 	0.7085 	0.0509 	0.0841 	0.7926 	0.7327	0.04552	0.04622	0.05423	0.05502	0.08290	0.08423	0.09196	0.09339	0.18645	0.18951	0.23469	0.26937	0.27404	0.32200	
39.0 	 0.0 	25.0	0.1565 	0.7042 	0.0538 	0.0855 	0.7897 	0.7340	0.04530	0.04600	0.05402	0.05480	0.08247	0.08379	0.09153	0.09295	0.18577	0.18880	0.23404	0.26826	0.27289	0.32092	
40.0 	 0.0 	25.0	0.1566 	0.7000 	0.0568 	0.0867 	0.7867 	0.7352	0.04509	0.04578	0.05382	0.05460	0.08204	0.08336	0.09111	0.09253	0.18514	0.18816	0.23347	0.26721	0.27181	0.31995	
41.0 	 0.0 	25.0	0.1568 	0.6958 	0.0597 	0.0878 	0.7835 	0.7364	0.04489	0.04557	0.05363	0.05440	0.08162	0.08293	0.09071	0.09212	0.18457	0.18756	0.23300	0.26621	0.27079	0.31906	
42.0 	 0.0 	25.0	0.1570 	0.6916 	0.0627 	0.0887 	0.7803 	0.7375	0.04469	0.04537	0.05345	0.05422	0.08121	0.08251	0.09032	0.09172	0.18405	0.18702	0.23260	0.26527	0.26982	0.31825	
43.0 	 0.0 	25.0	0.1575 	0.6873 	0.0657 	0.0895 	0.7769 	0.7386	0.04450	0.04518	0.05329	0.05405	0.08080	0.08210	0.08994	0.09133	0.18357	0.18652	0.23228	0.26437	0.26890	0.31752	
44.0 	 0.0 	25.0	0.1580 	0.6831 	0.0687 	0.0902 	0.7733 	0.7397	0.04431	0.04498	0.05313	0.05389	0.08039	0.08169	0.08957	0.09095	0.18313	0.18607	0.23203	0.26350	0.26801	0.31686	
45.0 	 0.0 	25.0	0.1586 	0.6788 	0.0718 	0.0908 	0.7696 	0.7408	0.04412	0.04479	0.05298	0.05373	0.07999	0.08127	0.08920	0.09058	0.18273	0.18565	0.23186	0.26268	0.26716	0.31627	
46.0 	 0.0 	25.0	0.1593 	0.6744 	0.0750 	0.0913 	0.7657 	0.7418	0.04394	0.04461	0.05284	0.05359	0.07958	0.08086	0.08884	0.09021	0.18237	0.18528	0.23175	0.26188	0.26635	0.31575	
47.0 	 0.0 	25.0	0.1601 	0.6700 	0.0783 	0.0916 	0.7616 	0.7429	0.04376	0.04442	0.05271	0.05345	0.07917	0.08044	0.08848	0.08984	0.18204	0.18494	0.23171	0.26111	0.26556	0.31529	
48.0 	 0.0 	25.0	0.1611 	0.6654 	0.0816 	0.0919 	0.7573 	0.7439	0.04358	0.04423	0.05258	0.05332	0.07875	0.08002	0.08812	0.08948	0.18175	0.18464	0.23174	0.26036	0.26480	0.31489	
49.0 	 0.0 	25.0	0.1621 	0.6607 	0.0850 	0.0921 	0.7529 	0.7449	0.04339	0.04405	0.05247	0.05320	0.07833	0.07959	0.08777	0.08911	0.18150	0.18437	0.23184	0.25964	0.26406	0.31455	
50.0 	 0.0 	25.0	0.1633 	0.6560 	0.0885 	0.0922 	0.7482 	0.7459	0.04321	0.04386	0.05235	0.05308	0.07790	0.07915	0.08741	0.08875	0.18127	0.18413	0.23202	0.25894	0.26334	0.31427	
51.0 	 0.0 	25.0	0.1646 	0.6510 	0.0922 	0.0922 	0.7432 	0.7469	0.04303	0.04367	0.05225	0.05297	0.07746	0.07871	0.08705	0.08838	0.18108	0.18393	0.23226	0.25826	0.26265	0.31405	
52.0 	 0.0 	25.0	0.1660 	0.6459 	0.0959 	0.0922 	0.7381 	0.7480	0.04284	0.04349	0.05215	0.05287	0.07702	0.07825	0.08669	0.08801	0.18092	0.18376	0.23257	0.25760	0.26197	0.31388	
53.0 	 0.0 	25.0	0.1676 	0.6406 	0.0998 	0.0920 	0.7326 	0.7490	0.04266	0.04330	0.05205	0.05277	0.07656	0.07778	0.08633	0.08764	0.18079	0.18362	0.23296	0.25695	0.26131	0.31378	
54.0 	 0.0 	25.0	0.1693 	0.6351 	0.1038 	0.0917 	0.7269 	0.7500	0.04247	0.04310	0.05196	0.05267	0.07609	0.07730	0.08596	0.08727	0.18070	0.18352	0.23343	0.25631	0.26066	0.31373	
55.0 	 0.0 	25.0	0.1712 	0.6294 	0.1079 	0.0914 	0.7208 	0.7510	0.04228	0.04291	0.05188	0.05259	0.07560	0.07681	0.08559	0.08688	0.18064	0.18345	0.23398	0.25569	0.26002	0.31375	
56.0 	 0.0 	25.0	0.1733 	0.6235 	0.1123 	0.0910 	0.7145 	0.7520	0.04208	0.04271	0.05180	0.05250	0.07510	0.07630	0.08521	0.08649	0.18061	0.18342	0.23461	0.25508	0.25940	0.31384	
57.0 	 0.0 	25.0	0.1755 	0.6173 	0.1168 	0.0904 	0.7077 	0.7531	0.04188	0.04250	0.05173	0.05243	0.07458	0.07577	0.08482	0.08610	0.18062	0.18342	0.23533	0.25448	0.25878	0.31398	
58.0 	 0.0 	25.0	0.1779 	0.6108 	0.1215 	0.0898 	0.7006 	0.7541	0.04168	0.04229	0.05166	0.05236	0.07404	0.07522	0.08442	0.08569	0.18066	0.18346	0.23614	0.25389	0.25818	0.31420	
59.0 	 0.0 	25.0	0.1805 	0.6040 	0.1264 	0.0891 	0.6931 	0.7552	0.04147	0.04208	0.05160	0.05229	0.07348	0.07465	0.08401	0.08527	0.18075	0.18354	0.23705	0.25330	0.25758	0.31448	
60.0 	 0.0 	25.0	0.1833 	0.5969 	0.1315 	0.0883 	0.6851 	0.7563	0.04125	0.04185	0.05155	0.05223	0.07289	0.07405	0.08359	0.08484	0.18087	0.18366	0.23807	0.25272	0.25699	0.31484	
61.0 	 0.0 	25.0	0.1864 	0.5894 	0.1370 	0.0873 	0.6767 	0.7574	0.04103	0.04163	0.05150	0.05218	0.07228	0.07343	0.08316	0.08440	0.18103	0.18382	0.23920	0.25215	0.25641	0.31528	
62.0 	 0.0 	25.0	0.1897 	0.5814 	0.1427 	0.0862 	0.6677 	0.7586	0.04079	0.04139	0.05145	0.05213	0.07164	0.07278	0.08271	0.08394	0.18124	0.18402	0.24045	0.25158	0.25583	0.31580	
63.0 	 0.0 	25.0	0.1933 	0.5730 	0.1487 	0.0850 	0.6581 	0.7599	0.04055	0.04114	0.05142	0.05209	0.07096	0.07209	0.08225	0.08346	0.18149	0.18428	0.24183	0.25101	0.25525	0.31641	
64.0 	 0.0 	25.0	0.1971 	0.5642 	0.1550 	0.0837 	0.6479 	0.7611	0.04030	0.04088	0.05139	0.05205	0.07025	0.07137	0.08176	0.08297	0.18180	0.18458	0.24334	0.25045	0.25467	0.31712	
65.0 	 0.0 	25.0	0.2013 	0.5547 	0.1617 	0.0822 	0.6370 	0.7625	0.04004	0.04061	0.05136	0.05202	0.06951	0.07060	0.08126	0.08245	0.18215	0.18493	0.24501	0.24988	0.25410	0.31793	
66.0 	 0.0 	25.0	0.2059 	0.5447 	0.1688 	0.0806 	0.6253 	0.7639	0.03976	0.04033	0.05134	0.05200	0.06871	0.06979	0.08073	0.08191	0.18256	0.18534	0.24684	0.24932	0.25352	0.31884	
67.0 	 0.0 	25.0	0.2108 	0.5340 	0.1764 	0.0788 	0.6128 	0.7654	0.03948	0.04004	0.05133	0.05198	0.06787	0.06894	0.08017	0.08134	0.18304	0.18582	0.24885	0.24875	0.25294	0.31988	
68.0 	 0.0 	25.0	0.2161 	0.5226 	0.1845 	0.0768 	0.5994 	0.7670	0.03917	0.03972	0.05133	0.05197	0.06697	0.06802	0.07959	0.08074	0.18358	0.18636	0.25105	0.24817	0.25235	0.32104	
70.0 	 0.0 	25.0	0.2282 	0.4972 	0.2024 	0.0722 	0.5694 	0.7706	0.03851	0.03904	0.05135	0.05198	0.06500	0.06601	0.07831	0.07943	0.18489	0.18767	0.25612	0.24700	0.25116	0.32380	
 0.0 	180.0 	25.0	0.1170 	0.7255 	0.0292 	0.1283 	0.8538 	0.6322	0.04441	0.04512	0.05098	0.05174	0.08277	0.08418	0.08968	0.09114	0.17283	0.17559	0.20961	0.25789	0.26232	0.29896	
 5.0 	180.0 	25.0	0.1117 	0.7192 	0.0372 	0.1319 	0.8511 	0.6425	0.04382	0.04452	0.05012	0.05086	0.08186	0.08325	0.08849	0.08993	0.16970	0.17240	0.20518	0.25404	0.25840	0.29377	
10.0 	180.0 	25.0	0.1083 	0.7111 	0.0467 	0.1339 	0.8450 	0.6635	0.04323	0.04392	0.04935	0.05009	0.08084	0.08221	0.08730	0.08872	0.16700	0.16965	0.20169	0.25039	0.25468	0.28929	
20.0 	180.0 	25.0	0.1036 	0.6938 	0.0662 	0.1364 	0.8302 	0.6994	0.04211	0.04278	0.04801	0.04872	0.07882	0.08016	0.08505	0.08643	0.16247	0.16505	0.19626	0.24392	0.24811	0.28188	
21.0 	180.0 	25.0	0.1032 	0.6920 	0.0682 	0.1366 	0.8286 	0.7021	0.04200	0.04267	0.04788	0.04859	0.07862	0.07995	0.08483	0.08621	0.16207	0.16465	0.19580	0.24333	0.24751	0.28124	
22.0 	180.0 	25.0	0.1029 	0.6902 	0.0701 	0.1367 	0.8270 	0.7047	0.04189	0.04256	0.04776	0.04847	0.07842	0.07975	0.08462	0.08599	0.16168	0.16425	0.19536	0.24274	0.24692	0.28061	
23.0 	180.0 	25.0	0.1026 	0.6884 	0.0721 	0.1369 	0.8253 	0.7071	0.04178	0.04245	0.04764	0.04834	0.07822	0.07954	0.08440	0.08577	0.16129	0.16386	0.19494	0.24217	0.24633	0.27999	
24.0 	180.0 	25.0	0.1023 	0.6866 	0.0742 	0.1370 	0.8235 	0.7094	0.04168	0.04234	0.04752	0.04822	0.07802	0.07934	0.08419	0.08555	0.16091	0.16347	0.19453	0.24159	0.24575	0.27939	
25.0 	180.0 	25.0	0.1020 	0.6847 	0.0762 	0.1371 	0.8218 	0.7116	0.04157	0.04223	0.04740	0.04810	0.07781	0.07913	0.08397	0.08533	0.16054	0.16310	0.19414	0.24103	0.24518	0.27881	
26.0 	180.0 	25.0	0.1018 	0.6828 	0.0782 	0.1372 	0.8199 	0.7137	0.04146	0.04212	0.04728	0.04798	0.07760	0.07892	0.08376	0.08512	0.16018	0.16273	0.19376	0.24047	0.24461	0.27824	
27.0 	180.0 	25.0	0.1016 	0.6808 	0.0803 	0.1372 	0.8181 	0.7157	0.04135	0.04201	0.04717	0.04786	0.07739	0.07871	0.08354	0.08490	0.15983	0.16238	0.19341	0.23991	0.24405	0.27769	
28.0 	180.0 	25.0	0.1014 	0.6789 	0.0824 	0.1373 	0.8161 	0.7176	0.04124	0.04190	0.04705	0.04775	0.07718	0.07849	0.08332	0.08468	0.15948	0.16203	0.19306	0.23936	0.24349	0.27715	
29.0 	180.0 	25.0	0.1013 	0.6768 	0.0846 	0.1373 	0.8141 	0.7194	0.04113	0.04179	0.04694	0.04763	0.07697	0.07827	0.08311	0.08446	0.15914	0.16168	0.19274	0.23881	0.24294	0.27662	
30.0 	180.0 	25.0	0.1012 	0.6748 	0.0868 	0.1373 	0.8121 	0.7211	0.04102	0.04168	0.04682	0.04752	0.07675	0.07805	0.08289	0.08423	0.15881	0.16135	0.19243	0.23827	0.24239	0.27611	
31.0 	180.0 	25.0	0.1011 	0.6726 	0.0890 	0.1373 	0.8099 	0.7228	0.04091	0.04157	0.04671	0.04740	0.07653	0.07783	0.08267	0.08401	0.15849	0.16102	0.19215	0.23773	0.24184	0.27561	
32.0 	180.0 	25.0	0.1010 	0.6705 	0.0913 	0.1373 	0.8077 	0.7244	0.04080	0.04145	0.04660	0.04729	0.07630	0.07760	0.08244	0.08378	0.15817	0.16070	0.19187	0.23719	0.24130	0.27513	
33.0 	180.0 	25.0	0.1010 	0.6682 	0.0936 	0.1372 	0.8054 	0.7259	0.04068	0.04134	0.04649	0.04718	0.07608	0.07737	0.08222	0.08356	0.15786	0.16039	0.19162	0.23665	0.24076	0.27466	
34.0 	180.0 	25.0	0.1010 	0.6659 	0.0959 	0.1371 	0.8030 	0.7274	0.04057	0.04122	0.04638	0.04707	0.07584	0.07713	0.08199	0.08333	0.15755	0.16008	0.19139	0.23612	0.24022	0.27420	
35.0 	180.0 	25.0	0.1011 	0.6636 	0.0983 	0.1370 	0.8006 	0.7288	0.04045	0.04110	0.04627	0.04696	0.07560	0.07689	0.08176	0.08309	0.15726	0.15979	0.19117	0.23558	0.23968	0.27376	
36.0 	180.0 	25.0	0.1012 	0.6612 	0.1008 	0.1369 	0.7980 	0.7301	0.04034	0.04098	0.04617	0.04685	0.07536	0.07664	0.08153	0.08286	0.15697	0.15949	0.19098	0.23505	0.23914	0.27333	
37.0 	180.0 	25.0	0.1013 	0.6586 	0.1033 	0.1367 	0.7954 	0.7315	0.04022	0.04086	0.04606	0.04674	0.07511	0.07639	0.08130	0.08262	0.15668	0.15921	0.19080	0.23451	0.23860	0.27292	
38.0 	180.0 	25.0	0.1015 	0.6561 	0.1059 	0.1365 	0.7926 	0.7327	0.04009	0.04074	0.04595	0.04664	0.07486	0.07613	0.08106	0.08238	0.15641	0.15893	0.19065	0.23398	0.23806	0.27252	
39.0 	180.0 	25.0	0.1017 	0.6534 	0.1086 	0.1363 	0.7897 	0.7340	0.03997	0.04061	0.04585	0.04653	0.07460	0.07587	0.08082	0.08213	0.15614	0.15866	0.19051	0.23344	0.23752	0.27213	
40.0 	180.0 	25.0	0.1020 	0.6506 	0.1113 	0.1361 	0.7867 	0.7352	0.03985	0.04049	0.04574	0.04642	0.07433	0.07559	0.08057	0.08188	0.15587	0.15840	0.19040	0.23290	0.23698	0.27176	
41.0 	180.0 	25.0	0.1023 	0.6478 	0.1141 	0.1358 	0.7835 	0.7364	0.03972	0.04036	0.04564	0.04631	0.07405	0.07531	0.08032	0.08162	0.15562	0.15814	0.19031	0.23236	0.23643	0.27140	
42.0 	180.0 	25.0	0.1027 	0.6448 	0.1171 	0.1355 	0.7803 	0.7375	0.03959	0.04022	0.04553	0.04621	0.07377	0.07503	0.08006	0.08136	0.15537	0.15789	0.19024	0.23182	0.23589	0.27105	
43.0 	180.0 	25.0	0.1031 	0.6417 	0.1201 	0.1351 	0.7769 	0.7386	0.03945	0.04009	0.04542	0.04610	0.07348	0.07473	0.07980	0.08110	0.15512	0.15764	0.19019	0.23127	0.23533	0.27071	
44.0 	180.0 	25.0	0.1035 	0.6386 	0.1232 	0.1348 	0.7733 	0.7397	0.03932	0.03995	0.04532	0.04599	0.07317	0.07442	0.07953	0.08082	0.15488	0.15740	0.19017	0.23071	0.23478	0.27039	
45.0 	180.0 	25.0	0.1041 	0.6352 	0.1264 	0.1343 	0.7696 	0.7408	0.03918	0.03981	0.04521	0.04588	0.07286	0.07411	0.07925	0.08055	0.15465	0.15717	0.19017	0.23015	0.23421	0.27009	
46.0 	180.0 	25.0	0.1046 	0.6318 	0.1297 	0.1339 	0.7657 	0.7418	0.03903	0.03966	0.04511	0.04578	0.07254	0.07378	0.07897	0.08026	0.15442	0.15694	0.19019	0.22959	0.23364	0.26979	
47.0 	180.0 	25.0	0.1053 	0.6282 	0.1331 	0.1334 	0.7616 	0.7429	0.03888	0.03951	0.04500	0.04567	0.07221	0.07344	0.07868	0.07996	0.15420	0.15672	0.19024	0.22901	0.23306	0.26951	
48.0 	180.0 	25.0	0.1060 	0.6245 	0.1367 	0.1329 	0.7573 	0.7439	0.03873	0.03936	0.04489	0.04556	0.07186	0.07309	0.07838	0.07966	0.15398	0.15651	0.19032	0.22843	0.23248	0.26925	
49.0 	180.0 	25.0	0.1067 	0.6206 	0.1404 	0.1323 	0.7529 	0.7449	0.03857	0.03920	0.04478	0.04545	0.07150	0.07273	0.07807	0.07935	0.15377	0.15630	0.19042	0.22783	0.23188	0.26899	
50.0 	180.0 	25.0	0.1076 	0.6165 	0.1443 	0.1316 	0.7482 	0.7459	0.03841	0.03903	0.04467	0.04534	0.07113	0.07235	0.07776	0.07903	0.15356	0.15609	0.19056	0.22723	0.23127	0.26875	
51.0 	180.0 	25.0	0.1085 	0.6123 	0.1483 	0.1310 	0.7432 	0.7469	0.03824	0.03886	0.04456	0.04522	0.07074	0.07195	0.07743	0.07869	0.15336	0.15589	0.19072	0.22661	0.23065	0.26852	
52.0 	180.0 	25.0	0.1094 	0.6078 	0.1525 	0.1302 	0.7381 	0.7480	0.03807	0.03868	0.04445	0.04511	0.07034	0.07154	0.07709	0.07835	0.15317	0.15570	0.19091	0.22598	0.23002	0.26831	
53.0 	180.0 	25.0	0.1105 	0.6032 	0.1569 	0.1294 	0.7326 	0.7490	0.03789	0.03850	0.04433	0.04499	0.06992	0.07112	0.07674	0.07799	0.15297	0.15551	0.19114	0.22533	0.22937	0.26811	
54.0 	180.0 	25.0	0.1117 	0.5983 	0.1615 	0.1286 	0.7269 	0.7500	0.03770	0.03831	0.04422	0.04487	0.06948	0.07067	0.07637	0.07762	0.15279	0.15532	0.19139	0.22466	0.22870	0.26792	
55.0 	180.0 	25.0	0.1129 	0.5932 	0.1663 	0.1277 	0.7208 	0.7510	0.03751	0.03811	0.04410	0.04475	0.06902	0.07020	0.07599	0.07723	0.15260	0.15514	0.19169	0.22398	0.22801	0.26775	
56.0 	180.0 	25.0	0.1142 	0.5878 	0.1713 	0.1267 	0.7145 	0.7520	0.03730	0.03790	0.04398	0.04463	0.06854	0.06971	0.07559	0.07683	0.15242	0.15496	0.19202	0.22327	0.22730	0.26759	
57.0 	180.0 	25.0	0.1156 	0.5822 	0.1766 	0.1256 	0.7077 	0.7531	0.03709	0.03769	0.04385	0.04450	0.06803	0.06920	0.07518	0.07641	0.15224	0.15479	0.19238	0.22254	0.22657	0.26744	
58.0 	180.0 	25.0	0.1172 	0.5762 	0.1822 	0.1244 	0.7006 	0.7541	0.03687	0.03746	0.04372	0.04437	0.06750	0.06866	0.07475	0.07597	0.15207	0.15462	0.19279	0.22178	0.22581	0.26730	
59.0 	180.0 	25.0	0.1188 	0.5699 	0.1881 	0.1232 	0.6931 	0.7552	0.03664	0.03722	0.04359	0.04423	0.06694	0.06809	0.07429	0.07551	0.15190	0.15445	0.19324	0.22100	0.22502	0.26718	
60.0 	180.0 	25.0	0.1206 	0.5632 	0.1943 	0.1219 	0.6851 	0.7563	0.03639	0.03698	0.04345	0.04409	0.06635	0.06749	0.07382	0.07502	0.15173	0.15429	0.19374	0.22018	0.22420	0.26708	
61.0 	180.0 	25.0	0.1225 	0.5562 	0.2008 	0.1204 	0.6767 	0.7574	0.03613	0.03671	0.04331	0.04395	0.06573	0.06686	0.07331	0.07451	0.15156	0.15412	0.19428	0.21932	0.22334	0.26698	
62.0 	180.0 	25.0	0.1245 	0.5487 	0.2078 	0.1189 	0.6677 	0.7586	0.03586	0.03644	0.04316	0.04380	0.06507	0.06619	0.07279	0.07397	0.15139	0.15396	0.19488	0.21843	0.22245	0.26690	
63.0 	180.0 	25.0	0.1267 	0.5408 	0.2152 	0.1172 	0.6581 	0.7599	0.03558	0.03614	0.04301	0.04364	0.06438	0.06548	0.07223	0.07341	0.15123	0.15380	0.19553	0.21749	0.22151	0.26684	
64.0 	180.0 	25.0	0.1291 	0.5324 	0.2231 	0.1155 	0.6479 	0.7611	0.03527	0.03584	0.04285	0.04347	0.06364	0.06473	0.07164	0.07280	0.15106	0.15364	0.19624	0.21650	0.22052	0.26678	
65.0 	180.0 	25.0	0.1316 	0.5234 	0.2314 	0.1135 	0.6370 	0.7625	0.03495	0.03551	0.04268	0.04330	0.06285	0.06393	0.07101	0.07217	0.15089	0.15348	0.19701	0.21546	0.21947	0.26674	
66.0 	180.0 	25.0	0.1343 	0.5139 	0.2404 	0.1114 	0.6253 	0.7639	0.03460	0.03516	0.04250	0.04312	0.06201	0.06307	0.07034	0.07149	0.15072	0.15332	0.19785	0.21436	0.21837	0.26671	
67.0 	180.0 	25.0	0.1373 	0.5036 	0.2499 	0.1092 	0.6128 	0.7654	0.03424	0.03478	0.04231	0.04292	0.06111	0.06216	0.06962	0.07076	0.15054	0.15314	0.19875	0.21318	0.21718	0.26668	
68.0 	180.0 	25.0	0.1404 	0.4925 	0.2602 	0.1068 	0.5994 	0.7670	0.03384	0.03438	0.04210	0.04271	0.06014	0.06118	0.06886	0.06998	0.15035	0.15296	0.19972	0.21191	0.21592	0.26666	
70.0 	180.0 	25.0	0.1475 	0.4679 	0.2831 	0.1015 	0.5694 	0.7706	0.03296	0.03348	0.04165	0.04225	0.05798	0.05898	0.06714	0.06823	0.14994	0.15257	0.20192	0.20910	0.21310	0.26664	
 0.0 	 0.0 	35.0	0.0914 	0.6960 	0.0547 	0.1578 	0.8538 	0.6322	0.04170	0.04227	0.04693	0.04753	0.07864	0.07976	0.08416	0.08532	0.15645	0.15863	0.18655	0.23702	0.24057	0.27099	
 5.0 	 0.0 	35.0	0.0991 	0.6972 	0.0498 	0.1539 	0.8511 	0.6425	0.04215	0.04272	0.04778	0.04838	0.07913	0.08025	0.08506	0.08622	0.15961	0.16183	0.19167	0.24026	0.24384	0.27618	
10.0 	 0.0 	35.0	0.1085 	0.6969 	0.0466 	0.1480 	0.8450 	0.6635	0.04260	0.04317	0.04872	0.04933	0.07955	0.08067	0.08597	0.08713	0.16320	0.16547	0.19770	0.24375	0.24736	0.28209	
20.0 	 0.0 	35.0	0.1305 	0.7000 	0.0393 	0.1302 	0.8302 	0.6994	0.04386	0.04443	0.05114	0.05179	0.08093	0.08204	0.08851	0.08969	0.17255	0.17499	0.21299	0.25331	0.25709	0.29763	
21.0 	 0.0 	35.0	0.1330 	0.7009 	0.0384 	0.1277 	0.8286 	0.7021	0.04403	0.04461	0.05145	0.05210	0.08114	0.08225	0.08886	0.09005	0.17374	0.17621	0.21488	0.25459	0.25839	0.29961	
22.0 	 0.0 	35.0	0.1356 	0.7019 	0.0374 	0.1250 	0.8270 	0.7047	0.04421	0.04480	0.05178	0.05243	0.08138	0.08249	0.08924	0.09043	0.17500	0.17750	0.21687	0.25595	0.25978	0.30171	
23.0 	 0.0 	35.0	0.1384 	0.7032 	0.0364 	0.1221 	0.8253 	0.7071	0.04442	0.04500	0.05212	0.05278	0.08164	0.08275	0.08964	0.09084	0.17633	0.17887	0.21896	0.25741	0.26128	0.30394	
24.0 	 0.0 	35.0	0.1412 	0.7046 	0.0353 	0.1189 	0.8235 	0.7094	0.04463	0.04522	0.05249	0.05316	0.08193	0.08304	0.09008	0.09129	0.17776	0.18033	0.22119	0.25899	0.26290	0.30633	
25.0 	 0.0 	35.0	0.1442 	0.7064 	0.0341 	0.1154 	0.8218 	0.7116	0.04487	0.04546	0.05289	0.05356	0.08225	0.08337	0.09056	0.09178	0.17929	0.18191	0.22356	0.26070	0.26465	0.30889	
26.0 	 0.0 	35.0	0.1473 	0.7085 	0.0328 	0.1115 	0.8199 	0.7137	0.04514	0.04573	0.05332	0.05401	0.08261	0.08373	0.09110	0.09232	0.18095	0.18362	0.22611	0.26257	0.26658	0.31167	
27.0 	 0.0 	35.0	0.1506 	0.7110 	0.0314 	0.1071 	0.8181 	0.7157	0.04543	0.04603	0.05379	0.05449	0.08303	0.08415	0.09169	0.09292	0.18277	0.18548	0.22887	0.26464	0.26870	0.31470	
28.0 	 0.0 	35.0	0.1541 	0.7140 	0.0298 	0.1021 	0.8161 	0.7176	0.04576	0.04637	0.05431	0.05502	0.08351	0.08464	0.09236	0.09360	0.18477	0.18755	0.23189	0.26696	0.27108	0.31804	
29.0 	 0.0 	35.0	0.1578 	0.7177 	0.0280 	0.0964 	0.8141 	0.7194	0.04614	0.04675	0.05489	0.05562	0.08407	0.08521	0.09312	0.09438	0.18700	0.18986	0.23523	0.26958	0.27378	0.32178	
30.0 	 0.0 	35.0	0.1619 	0.7224 	0.0260 	0.0897 	0.8121 	0.7211	0.04658	0.04720	0.05555	0.05630	0.08474	0.08588	0.09401	0.09529	0.18955	0.19249	0.23899	0.27260	0.27689	0.32604	
31.0 	 0.0 	35.0	0.1665 	0.7282 	0.0236 	0.0817 	0.8099 	0.7228	0.04711	0.04774	0.05632	0.05709	0.08556	0.08671	0.09508	0.09638	0.19251	0.19557	0.24331	0.27617	0.28058	0.33099	
32.0 	 0.0 	35.0	0.1716 	0.7359 	0.0207 	0.0718 	0.8077 	0.7244	0.04776	0.04841	0.05725	0.05805	0.08659	0.08776	0.09639	0.09772	0.19608	0.19927	0.24845	0.28053	0.28508	0.33694	
33.0 	 0.0 	35.0	0.1777 	0.7466 	0.0169 	0.0589 	0.8054 	0.7259	0.04861	0.04928	0.05843	0.05927	0.08797	0.08915	0.09810	0.09947	0.20059	0.20397	0.25486	0.28613	0.29088	0.34448	
34.0 	 0.0 	35.0	0.1855 	0.7628 	0.0114 	0.0403 	0.8030 	0.7274	0.04983	0.05053	0.06008	0.06098	0.09000	0.09121	0.10055	0.10198	0.20689	0.21055	0.26365	0.29410	0.29914	0.35498	
35.0 	 0.0 	35.0	0.1994 	0.8006 	0.0000 	0.0000 	0.8006 	0.7288	0.05246	0.05323	0.06346	0.06452	0.09451	0.09580	0.10582	0.10741	0.21990	0.22421	0.28138	0.31099	0.31671	0.37666	
36.0 	 0.0 	35.0	0.1859 	0.7618 	0.0160 	0.0362 	0.7980 	0.7301	0.04980	0.05050	0.06008	0.06099	0.08991	0.09112	0.10050	0.10193	0.20703	0.21070	0.26406	0.29414	0.29919	0.35532	
37.0 	 0.0 	35.0	0.1790 	0.7438 	0.0256 	0.0516 	0.7954 	0.7315	0.04854	0.04920	0.05845	0.05929	0.08774	0.08891	0.09796	0.09932	0.20091	0.20431	0.25582	0.28618	0.29094	0.34521	
38.0 	 0.0 	35.0	0.1741 	0.7308 	0.0333 	0.0617 	0.7926 	0.7327	0.04763	0.04827	0.05728	0.05808	0.08618	0.08733	0.09614	0.09747	0.19660	0.19983	0.25005	0.28055	0.28513	0.33812	
39.0 	 0.0 	35.0	0.1703 	0.7205 	0.0400 	0.0692 	0.7897 	0.7340	0.04691	0.04754	0.05637	0.05714	0.08494	0.08608	0.09471	0.09600	0.19327	0.19637	0.24564	0.27617	0.28061	0.33265	
40.0 	 0.0 	35.0	0.1673 	0.7118 	0.0460 	0.0749 	0.7867 	0.7352	0.04632	0.04693	0.05562	0.05636	0.08391	0.08502	0.09352	0.09478	0.19056	0.19356	0.24208	0.27257	0.27690	0.32822	
41.0 	 0.0 	35.0	0.1648 	0.7041 	0.0516 	0.0794 	0.7835 	0.7364	0.04580	0.04641	0.05498	0.05570	0.08300	0.08411	0.09249	0.09373	0.18828	0.19120	0.23914	0.26952	0.27376	0.32451	
42.0 	 0.0 	35.0	0.1628 	0.6971 	0.0569 	0.0831 	0.7803 	0.7375	0.04535	0.04594	0.05442	0.05513	0.08219	0.08329	0.09159	0.09281	0.18632	0.18918	0.23666	0.26686	0.27103	0.32133	
43.0 	 0.0 	35.0	0.1611 	0.6907 	0.0620 	0.0862 	0.7769 	0.7386	0.04494	0.04552	0.05393	0.05463	0.08146	0.08254	0.09077	0.09197	0.18462	0.18742	0.23454	0.26451	0.26862	0.31858	
44.0 	 0.0 	35.0	0.1598 	0.6846 	0.0669 	0.0887 	0.7733 	0.7397	0.04456	0.04514	0.05349	0.05417	0.08077	0.08185	0.09002	0.09121	0.18311	0.18587	0.23272	0.26239	0.26645	0.31615	
45.0 	 0.0 	35.0	0.1587 	0.6788 	0.0717 	0.0908 	0.7696 	0.7408	0.04421	0.04478	0.05309	0.05376	0.08012	0.08119	0.08932	0.09050	0.18177	0.18448	0.23113	0.26046	0.26448	0.31400	
46.0 	 0.0 	35.0	0.1578 	0.6732 	0.0765 	0.0925 	0.7657 	0.7418	0.04388	0.04445	0.05272	0.05339	0.07951	0.08057	0.08867	0.08984	0.18056	0.18324	0.22976	0.25869	0.26267	0.31208	
47.0 	 0.0 	35.0	0.1572 	0.6677 	0.0812 	0.0939 	0.7616 	0.7429	0.04357	0.04413	0.05238	0.05304	0.07891	0.07997	0.08805	0.08921	0.17947	0.18212	0.22856	0.25705	0.26099	0.31035	
48.0 	 0.0 	35.0	0.1567 	0.6622 	0.0859 	0.0951 	0.7573 	0.7439	0.04328	0.04383	0.05207	0.05272	0.07834	0.07938	0.08746	0.08861	0.17847	0.18110	0.22753	0.25552	0.25943	0.30880	
49.0 	 0.0 	35.0	0.1565 	0.6568 	0.0907 	0.0961 	0.7529 	0.7449	0.04299	0.04354	0.05178	0.05242	0.07778	0.07881	0.08690	0.08803	0.17757	0.18017	0.22664	0.25408	0.25796	0.30739	
50.0 	 0.0 	35.0	0.1564 	0.6514 	0.0954 	0.0968 	0.7482 	0.7459	0.04271	0.04326	0.05151	0.05214	0.07722	0.07825	0.08635	0.08748	0.17674	0.17932	0.22588	0.25272	0.25657	0.30612	
51.0 	 0.0 	35.0	0.1565 	0.6459 	0.1003 	0.0973 	0.7432 	0.7469	0.04244	0.04298	0.05125	0.05188	0.07667	0.07769	0.08581	0.08693	0.17599	0.17855	0.22525	0.25143	0.25525	0.30497	
52.0 	 0.0 	35.0	0.1567 	0.6404 	0.1052 	0.0977 	0.7381 	0.7480	0.04218	0.04271	0.05101	0.05163	0.07612	0.07713	0.08529	0.08640	0.17530	0.17784	0.22473	0.25019	0.25399	0.30393	
53.0 	 0.0 	35.0	0.1572 	0.6347 	0.1102 	0.0979 	0.7326 	0.7490	0.04191	0.04245	0.05078	0.05139	0.07556	0.07657	0.08477	0.08587	0.17467	0.17719	0.22432	0.24901	0.25279	0.30299	
54.0 	 0.0 	35.0	0.1578 	0.6290 	0.1153 	0.0979 	0.7269 	0.7500	0.04165	0.04218	0.05056	0.05117	0.07500	0.07600	0.08426	0.08535	0.17409	0.17660	0.22402	0.24786	0.25163	0.30216	
55.0 	 0.0 	35.0	0.1585 	0.6230 	0.1206 	0.0978 	0.7208 	0.7510	0.04139	0.04192	0.05035	0.05096	0.07444	0.07543	0.08375	0.08483	0.17356	0.17606	0.22382	0.24676	0.25050	0.30141	
56.0 	 0.0 	35.0	0.1595 	0.6169 	0.1260 	0.0975 	0.7145 	0.7520	0.04113	0.04165	0.05015	0.05075	0.07386	0.07485	0.08324	0.08431	0.17308	0.17557	0.22372	0.24568	0.24941	0.30075	
57.0 	 0.0 	35.0	0.1606 	0.6106 	0.1316 	0.0971 	0.7077 	0.7531	0.04087	0.04139	0.04996	0.05056	0.07327	0.07425	0.08272	0.08379	0.17265	0.17513	0.22373	0.24464	0.24835	0.30017	
58.0 	 0.0 	35.0	0.1619 	0.6040 	0.1374 	0.0966 	0.7006 	0.7541	0.04061	0.04112	0.04978	0.05037	0.07267	0.07364	0.08221	0.08327	0.17227	0.17474	0.22384	0.24361	0.24731	0.29968	
59.0 	 0.0 	35.0	0.1634 	0.5972 	0.1435 	0.0959 	0.6931 	0.7552	0.04034	0.04085	0.04960	0.05019	0.07205	0.07301	0.08168	0.08273	0.17193	0.17439	0.22405	0.24261	0.24629	0.29927	
60.0 	 0.0 	35.0	0.1651 	0.5901 	0.1497 	0.0951 	0.6851 	0.7563	0.04007	0.04057	0.04944	0.05002	0.07141	0.07236	0.08115	0.08219	0.17163	0.17409	0.22437	0.24161	0.24529	0.29894	
61.0 	 0.0 	35.0	0.1671 	0.5826 	0.1563 	0.0941 	0.6767 	0.7574	0.03979	0.04028	0.04927	0.04985	0.07074	0.07168	0.08061	0.08164	0.17137	0.17383	0.22481	0.24064	0.24430	0.29870	
62.0 	 0.0 	35.0	0.1692 	0.5748 	0.1631 	0.0929 	0.6677 	0.7586	0.03950	0.03999	0.04912	0.04969	0.07005	0.07098	0.08005	0.08107	0.17116	0.17361	0.22535	0.23966	0.24332	0.29853	
63.0 	 0.0 	35.0	0.1716 	0.5665 	0.1703 	0.0916 	0.6581 	0.7599	0.03921	0.03969	0.04897	0.04954	0.06933	0.07025	0.07948	0.08049	0.17099	0.17344	0.22602	0.23870	0.24234	0.29845	
64.0 	 0.0 	35.0	0.1743 	0.5578 	0.1779 	0.0901 	0.6479 	0.7611	0.03890	0.03939	0.04882	0.04939	0.06857	0.06948	0.07889	0.07989	0.17087	0.17332	0.22682	0.23773	0.24137	0.29846	
65.0 	 0.0 	35.0	0.1772 	0.5486 	0.1858 	0.0884 	0.6370 	0.7625	0.03859	0.03906	0.04868	0.04924	0.06778	0.06868	0.07827	0.07927	0.17080	0.17324	0.22775	0.23676	0.24039	0.29856	
66.0 	 0.0 	35.0	0.1805 	0.5388 	0.1942 	0.0865 	0.6253 	0.7639	0.03826	0.03873	0.04854	0.04910	0.06694	0.06783	0.07764	0.07862	0.17077	0.17322	0.22882	0.23579	0.23941	0.29875	
67.0 	 0.0 	35.0	0.1840 	0.5283 	0.2032 	0.0845 	0.6128 	0.7654	0.03792	0.03838	0.04841	0.04896	0.06606	0.06694	0.07697	0.07794	0.17079	0.17324	0.23006	0.23481	0.23842	0.29905	
68.0 	 0.0 	35.0	0.1880 	0.5172 	0.2126 	0.0821 	0.5994 	0.7670	0.03756	0.03802	0.04828	0.04883	0.06512	0.06599	0.07628	0.07724	0.17087	0.17332	0.23145	0.23381	0.23742	0.29945	
70.0 	 0.0 	35.0	0.1971 	0.4926 	0.2335 	0.0768 	0.5694 	0.7706	0.03678	0.03723	0.04804	0.04858	0.06307	0.06390	0.07477	0.07571	0.17119	0.17365	0.23482	0.23176	0.23535	0.30060	
 0.0 	180.0 	35.0	0.0914 	0.6960 	0.0547 	0.1578 	0.8538 	0.6322	0.04170	0.04227	0.04693	0.04753	0.07864	0.07976	0.08416	0.08532	0.15645	0.15863	0.18655	0.23702	0.24057	0.27099	
 5.0 	180.0 	35.0	0.0860 	0.6915 	0.0629 	0.1596 	0.8511 	0.6425	0.04119	0.04176	0.04614	0.04673	0.07789	0.07901	0.08314	0.08429	0.15361	0.15577	0.18241	0.23367	0.23718	0.26631	
10.0 	180.0 	35.0	0.0821 	0.6847 	0.0729 	0.1602 	0.8450 	0.6635	0.04065	0.04121	0.04540	0.04599	0.07699	0.07809	0.08204	0.08318	0.15104	0.15317	0.17898	0.23033	0.23379	0.26208	
20.0 	180.0 	35.0	0.0763 	0.6698 	0.0934 	0.1604 	0.8302 	0.6994	0.03960	0.04014	0.04407	0.04464	0.07516	0.07623	0.07993	0.08104	0.14660	0.14869	0.17343	0.22426	0.22765	0.25489	
21.0 	180.0 	35.0	0.0759 	0.6683 	0.0955 	0.1603 	0.8286 	0.7021	0.03949	0.04003	0.04395	0.04452	0.07498	0.07605	0.07973	0.08083	0.14621	0.14829	0.17296	0.22369	0.22709	0.25426	
22.0 	180.0 	35.0	0.0754 	0.6667 	0.0976 	0.1603 	0.8270 	0.7047	0.03939	0.03993	0.04383	0.04439	0.07479	0.07586	0.07952	0.08063	0.14581	0.14790	0.17250	0.22314	0.22653	0.25364	
23.0 	180.0 	35.0	0.0750 	0.6651 	0.0997 	0.1602 	0.8253 	0.7071	0.03929	0.03983	0.04371	0.04427	0.07461	0.07567	0.07932	0.08042	0.14543	0.14751	0.17205	0.22259	0.22597	0.25303	
24.0 	180.0 	35.0	0.0746 	0.6635 	0.1018 	0.1601 	0.8235 	0.7094	0.03919	0.03972	0.04359	0.04415	0.07442	0.07548	0.07911	0.08021	0.14505	0.14714	0.17162	0.22204	0.22542	0.25244	
25.0 	180.0 	35.0	0.0742 	0.6618 	0.1040 	0.1600 	0.8218 	0.7116	0.03908	0.03962	0.04347	0.04403	0.07423	0.07529	0.07891	0.08001	0.14468	0.14677	0.17121	0.22150	0.22488	0.25186	
26.0 	180.0 	35.0	0.0739 	0.6601 	0.1061 	0.1599 	0.8199 	0.7137	0.03898	0.03951	0.04335	0.04391	0.07404	0.07510	0.07870	0.07980	0.14432	0.14640	0.17081	0.22097	0.22434	0.25129	
27.0 	180.0 	35.0	0.0736 	0.6584 	0.1083 	0.1597 	0.8181 	0.7157	0.03888	0.03941	0.04323	0.04380	0.07384	0.07490	0.07850	0.07959	0.14397	0.14604	0.17043	0.22043	0.22380	0.25074	
28.0 	180.0 	35.0	0.0733 	0.6566 	0.1106 	0.1595 	0.8161 	0.7176	0.03877	0.03930	0.04312	0.04368	0.07365	0.07470	0.07829	0.07938	0.14362	0.14569	0.17006	0.21990	0.22327	0.25019	
29.0 	180.0 	35.0	0.0730 	0.6548 	0.1128 	0.1594 	0.8141 	0.7194	0.03867	0.03920	0.04300	0.04356	0.07345	0.07450	0.07808	0.07917	0.14327	0.14535	0.16970	0.21938	0.22274	0.24966	
30.0 	180.0 	35.0	0.0728 	0.6529 	0.1151 	0.1592 	0.8121 	0.7211	0.03856	0.03909	0.04289	0.04345	0.07325	0.07429	0.07787	0.07896	0.14293	0.14501	0.16936	0.21885	0.22221	0.24915	
31.0 	180.0 	35.0	0.0726 	0.6510 	0.1175 	0.1589 	0.8099 	0.7228	0.03845	0.03898	0.04278	0.04333	0.07304	0.07408	0.07766	0.07874	0.14260	0.14468	0.16904	0.21833	0.22169	0.24864	
32.0 	180.0 	35.0	0.0724 	0.6490 	0.1199 	0.1587 	0.8077 	0.7244	0.03835	0.03887	0.04266	0.04322	0.07283	0.07387	0.07745	0.07853	0.14228	0.14435	0.16873	0.21781	0.22116	0.24814	
33.0 	180.0 	35.0	0.0723 	0.6470 	0.1223 	0.1584 	0.8054 	0.7259	0.03824	0.03876	0.04255	0.04311	0.07262	0.07366	0.07723	0.07831	0.14196	0.14403	0.16843	0.21728	0.22064	0.24766	
34.0 	180.0 	35.0	0.0722 	0.6449 	0.1248 	0.1581 	0.8030 	0.7274	0.03813	0.03865	0.04244	0.04299	0.07240	0.07343	0.07701	0.07809	0.14164	0.14371	0.16816	0.21676	0.22011	0.24718	
35.0 	180.0 	35.0	0.0721 	0.6428 	0.1273 	0.1578 	0.8006 	0.7288	0.03801	0.03854	0.04233	0.04288	0.07217	0.07321	0.07679	0.07786	0.14133	0.14340	0.16789	0.21624	0.21959	0.24672	
36.0 	180.0 	35.0	0.0720 	0.6406 	0.1300 	0.1575 	0.7980 	0.7301	0.03790	0.03842	0.04221	0.04277	0.07194	0.07297	0.07657	0.07764	0.14102	0.14310	0.16765	0.21571	0.21906	0.24627	
37.0 	180.0 	35.0	0.0720 	0.6383 	0.1326 	0.1571 	0.7954 	0.7315	0.03778	0.03830	0.04210	0.04266	0.07171	0.07274	0.07634	0.07740	0.14072	0.14280	0.16742	0.21519	0.21853	0.24582	
38.0 	180.0 	35.0	0.0720 	0.6359 	0.1354 	0.1567 	0.7926 	0.7327	0.03766	0.03818	0.04199	0.04254	0.07147	0.07249	0.07610	0.07717	0.14042	0.14250	0.16720	0.21465	0.21800	0.24539	
39.0 	180.0 	35.0	0.0721 	0.6334 	0.1382 	0.1563 	0.7897 	0.7340	0.03754	0.03806	0.04188	0.04243	0.07122	0.07224	0.07586	0.07693	0.14013	0.14221	0.16700	0.21412	0.21746	0.24497	
40.0 	180.0 	35.0	0.0722 	0.6309 	0.1411 	0.1558 	0.7867 	0.7352	0.03742	0.03794	0.04177	0.04232	0.07096	0.07198	0.07562	0.07668	0.13984	0.14192	0.16682	0.21358	0.21692	0.24455	
41.0 	180.0 	35.0	0.0723 	0.6282 	0.1441 	0.1553 	0.7835 	0.7364	0.03729	0.03781	0.04165	0.04220	0.07070	0.07172	0.07537	0.07643	0.13955	0.14163	0.16666	0.21304	0.21638	0.24414	
42.0 	180.0 	35.0	0.0725 	0.6255 	0.1472 	0.1548 	0.7803 	0.7375	0.03717	0.03768	0.04154	0.04209	0.07043	0.07144	0.07512	0.07617	0.13927	0.14135	0.16651	0.21249	0.21583	0.24374	
43.0 	180.0 	35.0	0.0727 	0.6227 	0.1504 	0.1542 	0.7769 	0.7386	0.03703	0.03754	0.04143	0.04197	0.07015	0.07116	0.07486	0.07591	0.13899	0.14107	0.16638	0.21193	0.21527	0.24335	
44.0 	180.0 	35.0	0.0730 	0.6197 	0.1537 	0.1536 	0.7733 	0.7397	0.03690	0.03741	0.04131	0.04186	0.06986	0.07086	0.07459	0.07564	0.13871	0.14080	0.16626	0.21136	0.21470	0.24297	
45.0 	180.0 	35.0	0.0733 	0.6166 	0.1572 	0.1530 	0.7696 	0.7408	0.03676	0.03727	0.04119	0.04174	0.06956	0.07056	0.07432	0.07536	0.13843	0.14052	0.16616	0.21078	0.21412	0.24259	
46.0 	180.0 	35.0	0.0736 	0.6134 	0.1607 	0.1523 	0.7657 	0.7418	0.03661	0.03712	0.04108	0.04162	0.06925	0.07024	0.07403	0.07508	0.13816	0.14025	0.16608	0.21020	0.21354	0.24222	
47.0 	180.0 	35.0	0.0740 	0.6101 	0.1644 	0.1515 	0.7616 	0.7429	0.03646	0.03697	0.04096	0.04150	0.06892	0.06992	0.07374	0.07478	0.13788	0.13998	0.16602	0.20960	0.21294	0.24185	
48.0 	180.0 	35.0	0.0744 	0.6066 	0.1682 	0.1508 	0.7573 	0.7439	0.03631	0.03681	0.04083	0.04138	0.06859	0.06958	0.07344	0.07448	0.13761	0.13971	0.16598	0.20899	0.21233	0.24149	
49.0 	180.0 	35.0	0.0749 	0.6029 	0.1722 	0.1499 	0.7529 	0.7449	0.03615	0.03665	0.04071	0.04125	0.06824	0.06923	0.07313	0.07416	0.13734	0.13944	0.16595	0.20836	0.21170	0.24114	
50.0 	180.0 	35.0	0.0754 	0.5991 	0.1764 	0.1491 	0.7482 	0.7459	0.03599	0.03649	0.04058	0.04112	0.06788	0.06886	0.07281	0.07384	0.13706	0.13917	0.16594	0.20772	0.21106	0.24079	
51.0 	180.0 	35.0	0.0760 	0.5951 	0.1807 	0.1481 	0.7432 	0.7469	0.03582	0.03631	0.04045	0.04099	0.06750	0.06848	0.07247	0.07350	0.13679	0.13889	0.16595	0.20706	0.21040	0.24044	
52.0 	180.0 	35.0	0.0767 	0.5909 	0.1852 	0.1471 	0.7381 	0.7480	0.03564	0.03613	0.04032	0.04086	0.06710	0.06808	0.07213	0.07315	0.13651	0.13862	0.16598	0.20637	0.20971	0.24009	
53.0 	180.0 	35.0	0.0774 	0.5865 	0.1900 	0.1461 	0.7326 	0.7490	0.03545	0.03595	0.04018	0.04072	0.06669	0.06766	0.07177	0.07278	0.13623	0.13834	0.16603	0.20567	0.20901	0.23975	
54.0 	180.0 	35.0	0.0782 	0.5819 	0.1949 	0.1450 	0.7269 	0.7500	0.03526	0.03575	0.04004	0.04058	0.06626	0.06722	0.07139	0.07240	0.13595	0.13807	0.16610	0.20494	0.20828	0.23940	
55.0 	180.0 	35.0	0.0790 	0.5771 	0.2002 	0.1438 	0.7208 	0.7510	0.03506	0.03555	0.03990	0.04043	0.06581	0.06676	0.07099	0.07200	0.13566	0.13778	0.16619	0.20419	0.20753	0.23906	
56.0 	180.0 	35.0	0.0799 	0.5720 	0.2056 	0.1425 	0.7145 	0.7520	0.03485	0.03533	0.03974	0.04028	0.06533	0.06628	0.07058	0.07159	0.13536	0.13749	0.16630	0.20340	0.20674	0.23871	
57.0 	180.0 	35.0	0.0808 	0.5666 	0.2114 	0.1411 	0.7077 	0.7531	0.03462	0.03511	0.03958	0.04012	0.06483	0.06577	0.07015	0.07115	0.13506	0.13719	0.16642	0.20257	0.20592	0.23835	
58.0 	180.0 	35.0	0.0819 	0.5609 	0.2175 	0.1397 	0.7006 	0.7541	0.03439	0.03487	0.03942	0.03995	0.06430	0.06523	0.06969	0.07068	0.13473	0.13687	0.16655	0.20170	0.20505	0.23797	
59.0 	180.0 	35.0	0.0829 	0.5549 	0.2240 	0.1382 	0.6931 	0.7552	0.03414	0.03462	0.03924	0.03977	0.06374	0.06467	0.06920	0.07019	0.13440	0.13654	0.16669	0.20078	0.20413	0.23758	
60.0 	180.0 	35.0	0.0841 	0.5485 	0.2308 	0.1366 	0.6851 	0.7563	0.03388	0.03435	0.03906	0.03958	0.06314	0.06406	0.06869	0.06967	0.13404	0.13619	0.16685	0.19981	0.20316	0.23717	
61.0 	180.0 	35.0	0.0853 	0.5417 	0.2380 	0.1349 	0.6767 	0.7574	0.03360	0.03407	0.03886	0.03938	0.06251	0.06343	0.06815	0.06912	0.13367	0.13583	0.16702	0.19879	0.20214	0.23674	
62.0 	180.0 	35.0	0.0867 	0.5345 	0.2457 	0.1331 	0.6677 	0.7586	0.03331	0.03377	0.03865	0.03917	0.06184	0.06275	0.06757	0.06854	0.13328	0.13544	0.16722	0.19770	0.20105	0.23628	
63.0 	180.0 	35.0	0.0881 	0.5268 	0.2538 	0.1312 	0.6581 	0.7599	0.03299	0.03346	0.03843	0.03895	0.06113	0.06203	0.06696	0.06792	0.13286	0.13503	0.16742	0.19655	0.19990	0.23581	
64.0 	180.0 	35.0	0.0896 	0.5187 	0.2625 	0.1292 	0.6479 	0.7611	0.03266	0.03312	0.03820	0.03871	0.06037	0.06126	0.06631	0.06726	0.13242	0.13460	0.16765	0.19533	0.19868	0.23531	
65.0 	180.0 	35.0	0.0912 	0.5099 	0.2718 	0.1270 	0.6370 	0.7625	0.03230	0.03276	0.03795	0.03846	0.05956	0.06044	0.06561	0.06656	0.13196	0.13415	0.16790	0.19402	0.19738	0.23478	
66.0 	180.0 	35.0	0.0930 	0.5006 	0.2817 	0.1247 	0.6253 	0.7639	0.03192	0.03237	0.03768	0.03820	0.05870	0.05956	0.06487	0.06581	0.13147	0.13366	0.16817	0.19263	0.19599	0.23422	
67.0 	180.0 	35.0	0.0949 	0.4906 	0.2923 	0.1222 	0.6128 	0.7654	0.03151	0.03196	0.03740	0.03791	0.05777	0.05862	0.06407	0.06500	0.13094	0.13315	0.16847	0.19114	0.19450	0.23363	
68.0 	180.0 	35.0	0.0969 	0.4798 	0.3037 	0.1195 	0.5994 	0.7670	0.03108	0.03152	0.03710	0.03760	0.05678	0.05762	0.06322	0.06414	0.13038	0.13260	0.16880	0.18955	0.19291	0.23299	
70.0 	180.0 	35.0	0.1015 	0.4558 	0.3291 	0.1135 	0.5694 	0.7706	0.03010	0.03053	0.03642	0.03692	0.05455	0.05537	0.06131	0.06221	0.12913	0.13137	0.16954	0.18599	0.18936	0.23159	
 0.0 	 0.0 	50.0	0.0626 	0.6425 	0.0836 	0.2113 	0.8538 	0.6322	0.03789	0.03823	0.04163	0.04200	0.07243	0.07312	0.07644	0.07715	0.13493	0.13632	0.15757	0.20834	0.21059	0.23445	
 5.0 	 0.0 	50.0	0.0692 	0.6417 	0.0797 	0.2094 	0.8511 	0.6425	0.03818	0.03852	0.04227	0.04264	0.07268	0.07336	0.07703	0.07774	0.13732	0.13872	0.16163	0.21063	0.21288	0.23839	
10.0 	 0.0 	50.0	0.0772 	0.6388 	0.0778 	0.2062 	0.8450 	0.6635	0.03843	0.03877	0.04295	0.04331	0.07277	0.07344	0.07754	0.07824	0.13996	0.14137	0.16634	0.21292	0.21517	0.24275	
20.0 	 0.0 	50.0	0.0961 	0.6327 	0.0736 	0.1975 	0.8302 	0.6994	0.03908	0.03941	0.04460	0.04497	0.07307	0.07373	0.07886	0.07955	0.14649	0.14795	0.17787	0.21877	0.22106	0.25364	
21.0 	 0.0 	50.0	0.0983 	0.6322 	0.0731 	0.1964 	0.8286 	0.7021	0.03916	0.03949	0.04480	0.04517	0.07312	0.07378	0.07902	0.07972	0.14726	0.14873	0.17921	0.21949	0.22179	0.25493	
22.0 	 0.0 	50.0	0.1005 	0.6316 	0.0726 	0.1953 	0.8270 	0.7047	0.03924	0.03958	0.04500	0.04537	0.07317	0.07383	0.07919	0.07989	0.14806	0.14954	0.18060	0.22023	0.22254	0.25627	
23.0 	 0.0 	50.0	0.1028 	0.6311 	0.0720 	0.1941 	0.8253 	0.7071	0.03933	0.03967	0.04521	0.04558	0.07323	0.07389	0.07937	0.08007	0.14888	0.15037	0.18203	0.22101	0.22333	0.25765	
24.0 	 0.0 	50.0	0.1051 	0.6306 	0.0714 	0.1929 	0.8235 	0.7094	0.03942	0.03976	0.04542	0.04580	0.07329	0.07395	0.07956	0.08026	0.14974	0.15124	0.18351	0.22182	0.22414	0.25909	
25.0 	 0.0 	50.0	0.1075 	0.6301 	0.0708 	0.1916 	0.8218 	0.7116	0.03952	0.03986	0.04565	0.04602	0.07336	0.07402	0.07976	0.08046	0.15063	0.15214	0.18504	0.22266	0.22499	0.26058	
26.0 	 0.0 	50.0	0.1099 	0.6297 	0.0701 	0.1903 	0.8199 	0.7137	0.03962	0.03996	0.04588	0.04626	0.07344	0.07409	0.07996	0.08067	0.15155	0.15307	0.18662	0.22354	0.22588	0.26213	
27.0 	 0.0 	50.0	0.1125 	0.6292 	0.0695 	0.1888 	0.8181 	0.7157	0.03972	0.04006	0.04612	0.04650	0.07352	0.07417	0.08018	0.08088	0.15251	0.15404	0.18826	0.22445	0.22681	0.26374	
28.0 	 0.0 	50.0	0.1151 	0.6288 	0.0688 	0.1873 	0.8161 	0.7176	0.03983	0.04017	0.04637	0.04676	0.07360	0.07426	0.08041	0.08111	0.15351	0.15505	0.18997	0.22541	0.22779	0.26542	
29.0 	 0.0 	50.0	0.1178 	0.6284 	0.0681 	0.1857 	0.8141 	0.7194	0.03995	0.04029	0.04663	0.04702	0.07370	0.07435	0.08065	0.08135	0.15455	0.15611	0.19174	0.22642	0.22881	0.26716	
30.0 	 0.0 	50.0	0.1206 	0.6281 	0.0673 	0.1840 	0.8121 	0.7211	0.04008	0.04042	0.04691	0.04730	0.07380	0.07445	0.08090	0.08161	0.15563	0.15721	0.19359	0.22748	0.22988	0.26899	
31.0 	 0.0 	50.0	0.1235 	0.6278 	0.0666 	0.1822 	0.8099 	0.7228	0.04021	0.04055	0.04719	0.04759	0.07391	0.07456	0.08117	0.08188	0.15677	0.15837	0.19551	0.22859	0.23101	0.27090	
32.0 	 0.0 	50.0	0.1265 	0.6275 	0.0658 	0.1802 	0.8077 	0.7244	0.04035	0.04069	0.04750	0.04789	0.07403	0.07469	0.08145	0.08217	0.15796	0.15958	0.19752	0.22976	0.23220	0.27291	
33.0 	 0.0 	50.0	0.1296 	0.6273 	0.0649 	0.1781 	0.8054 	0.7259	0.04049	0.04084	0.04781	0.04821	0.07416	0.07482	0.08176	0.08247	0.15922	0.16085	0.19963	0.23101	0.23347	0.27502	
34.0 	 0.0 	50.0	0.1329 	0.6272 	0.0641 	0.1758 	0.8030 	0.7274	0.04065	0.04100	0.04815	0.04855	0.07431	0.07497	0.08208	0.08280	0.16054	0.16220	0.20185	0.23233	0.23481	0.27724	
35.0 	 0.0 	50.0	0.1363 	0.6272 	0.0631 	0.1734 	0.8006 	0.7288	0.04082	0.04117	0.04850	0.04891	0.07448	0.07514	0.08243	0.08315	0.16194	0.16363	0.20418	0.23373	0.23625	0.27960	
36.0 	 0.0 	50.0	0.1398 	0.6273 	0.0621 	0.1707 	0.7980 	0.7301	0.04101	0.04136	0.04887	0.04929	0.07466	0.07532	0.08281	0.08354	0.16343	0.16514	0.20665	0.23524	0.23778	0.28210	
37.0 	 0.0 	50.0	0.1436 	0.6275 	0.0611 	0.1678 	0.7954 	0.7315	0.04121	0.04156	0.04928	0.04970	0.07487	0.07553	0.08322	0.08395	0.16502	0.16676	0.20927	0.23686	0.23944	0.28477	
38.0 	 0.0 	50.0	0.1475 	0.6279 	0.0599 	0.1646 	0.7926 	0.7327	0.04143	0.04179	0.04971	0.05013	0.07510	0.07577	0.08366	0.08440	0.16672	0.16850	0.21206	0.23862	0.24123	0.28763	
39.0 	 0.0 	50.0	0.1516 	0.6286 	0.0587 	0.1611 	0.7897 	0.7340	0.04167	0.04203	0.05017	0.05061	0.07537	0.07604	0.08416	0.08490	0.16855	0.17037	0.21504	0.24053	0.24318	0.29071	
40.0 	 0.0 	50.0	0.1560 	0.6295 	0.0573 	0.1572 	0.7867 	0.7352	0.04194	0.04231	0.05068	0.05112	0.07568	0.07635	0.08470	0.08546	0.17054	0.17241	0.21827	0.24263	0.24532	0.29406	
41.0 	 0.0 	50.0	0.1607 	0.6308 	0.0557 	0.1528 	0.7835 	0.7364	0.04224	0.04261	0.05123	0.05169	0.07604	0.07671	0.08532	0.08608	0.17272	0.17464	0.22176	0.24495	0.24770	0.29772	
42.0 	 0.0 	50.0	0.1658 	0.6325 	0.0539 	0.1478 	0.7803 	0.7375	0.04259	0.04296	0.05185	0.05231	0.07646	0.07714	0.08601	0.08679	0.17513	0.17711	0.22560	0.24755	0.25037	0.30177	
43.0 	 0.0 	50.0	0.1712 	0.6348 	0.0519 	0.1421 	0.7769 	0.7386	0.04298	0.04336	0.05254	0.05302	0.07697	0.07765	0.08681	0.08761	0.17783	0.17988	0.22985	0.25050	0.25339	0.30629	
44.0 	 0.0 	50.0	0.1772 	0.6379 	0.0495 	0.1354 	0.7733 	0.7397	0.04344	0.04383	0.05332	0.05382	0.07758	0.07827	0.08775	0.08856	0.18089	0.18303	0.23462	0.25390	0.25688	0.31142	
45.0 	 0.0 	50.0	0.1839 	0.6422 	0.0466 	0.1274 	0.7696 	0.7408	0.04400	0.04440	0.05423	0.05475	0.07834	0.07904	0.08887	0.08970	0.18444	0.18668	0.24008	0.25790	0.26098	0.31736	
46.0 	 0.0 	50.0	0.1914 	0.6481 	0.0429 	0.1176 	0.7657 	0.7418	0.04468	0.04509	0.05532	0.05587	0.07931	0.08002	0.09024	0.09110	0.18865	0.19103	0.24647	0.26273	0.26595	0.32441	
47.0 	 0.0 	50.0	0.2001 	0.6565 	0.0383 	0.1052 	0.7616 	0.7429	0.04555	0.04598	0.05666	0.05725	0.08059	0.08132	0.09200	0.09290	0.19385	0.19640	0.25425	0.26879	0.27220	0.33309	
48.0 	 0.0 	50.0	0.2108 	0.6690 	0.0319 	0.0883 	0.7573 	0.7439	0.04673	0.04719	0.05841	0.05906	0.08239	0.08315	0.09438	0.09533	0.20064	0.20345	0.26423	0.27689	0.28056	0.34442	
49.0 	 0.0 	50.0	0.2249 	0.6902 	0.0222 	0.0627 	0.7529 	0.7449	0.04852	0.04903	0.06097	0.06171	0.08523	0.08603	0.09798	0.09904	0.21053	0.21375	0.27848	0.28895	0.29305	0.36090	
50.0 	 0.0 	50.0	0.2518 	0.7482 	0.0000 	0.0000 	0.7482 	0.7459	0.05284	0.05348	0.06676	0.06776	0.09244	0.09338	0.10667	0.10798	0.23299	0.23730	0.30978	0.31735	0.32258	0.39824	
51.0 	 0.0 	50.0	0.2257 	0.6879 	0.0311 	0.0554 	0.7432 	0.7469	0.04844	0.04895	0.06095	0.06170	0.08502	0.08582	0.09784	0.09889	0.21072	0.21396	0.27916	0.28894	0.29306	0.36143	
52.0 	 0.0 	50.0	0.2130 	0.6628 	0.0489 	0.0753 	0.7381 	0.7480	0.04652	0.04698	0.05837	0.05902	0.08183	0.08258	0.09399	0.09494	0.20103	0.20389	0.26577	0.27671	0.28042	0.34549	
53.0 	 0.0 	50.0	0.2043 	0.6453 	0.0631 	0.0873 	0.7326 	0.7490	0.04519	0.04562	0.05659	0.05718	0.07962	0.08034	0.09133	0.09222	0.19447	0.19710	0.25678	0.26839	0.27187	0.33474	
54.0 	 0.0 	50.0	0.1978 	0.6315 	0.0754 	0.0954 	0.7269 	0.7500	0.04416	0.04457	0.05522	0.05578	0.07788	0.07858	0.08926	0.09012	0.18953	0.19201	0.25010	0.26208	0.26539	0.32670	
55.0 	 0.0 	50.0	0.1927 	0.6198 	0.0865 	0.1011 	0.7208 	0.7510	0.04331	0.04370	0.05412	0.05465	0.07643	0.07712	0.08756	0.08839	0.18561	0.18797	0.24488	0.25698	0.26017	0.32032	
56.0 	 0.0 	50.0	0.1887 	0.6093 	0.0968 	0.1051 	0.7145 	0.7520	0.04258	0.04296	0.05319	0.05370	0.07517	0.07584	0.08610	0.08691	0.18237	0.18464	0.24067	0.25271	0.25580	0.31510	
57.0 	 0.0 	50.0	0.1856 	0.5997 	0.1067 	0.1081 	0.7077 	0.7531	0.04193	0.04230	0.05239	0.05288	0.07402	0.07468	0.08481	0.08560	0.17964	0.18184	0.23721	0.24903	0.25204	0.31072	
58.0 	 0.0 	50.0	0.1831 	0.5905 	0.1163 	0.1101 	0.7006 	0.7541	0.04134	0.04171	0.05169	0.05216	0.07296	0.07361	0.08364	0.08441	0.17729	0.17944	0.23434	0.24578	0.24874	0.30698	
59.0 	 0.0 	50.0	0.1812 	0.5817 	0.1257 	0.1114 	0.6931 	0.7552	0.04080	0.04116	0.05106	0.05152	0.07196	0.07260	0.08256	0.08331	0.17524	0.17735	0.23195	0.24287	0.24578	0.30375	
60.0 	 0.0 	50.0	0.1798 	0.5730 	0.1351 	0.1121 	0.6851 	0.7563	0.04029	0.04064	0.05049	0.05095	0.07100	0.07163	0.08155	0.08229	0.17345	0.17552	0.22995	0.24022	0.24309	0.30094	
61.0 	 0.0 	50.0	0.1789 	0.5643 	0.1445 	0.1124 	0.6767 	0.7574	0.03980	0.04015	0.04997	0.05042	0.07006	0.07068	0.08059	0.08131	0.17185	0.17390	0.22829	0.23778	0.24062	0.29848	
62.0 	 0.0 	50.0	0.1783 	0.5555 	0.1540 	0.1121 	0.6677 	0.7586	0.03933	0.03967	0.04950	0.04994	0.06914	0.06975	0.07966	0.08038	0.17043	0.17245	0.22693	0.23551	0.23833	0.29631	
63.0 	 0.0 	50.0	0.1782 	0.5466 	0.1637 	0.1115 	0.6581 	0.7599	0.03887	0.03921	0.04905	0.04949	0.06822	0.06882	0.07876	0.07946	0.16916	0.17117	0.22584	0.23338	0.23617	0.29441	
64.0 	 0.0 	50.0	0.1785 	0.5374 	0.1737 	0.1104 	0.6479 	0.7611	0.03842	0.03875	0.04864	0.04907	0.06729	0.06789	0.07787	0.07857	0.16803	0.17001	0.22501	0.23136	0.23413	0.29274	
65.0 	 0.0 	50.0	0.1791 	0.5279 	0.1839 	0.1090 	0.6370 	0.7625	0.03797	0.03830	0.04825	0.04867	0.06635	0.06693	0.07699	0.07768	0.16701	0.16898	0.22440	0.22943	0.23218	0.29127	
66.0 	 0.0 	50.0	0.1801 	0.5180 	0.1946 	0.1073 	0.6253 	0.7639	0.03753	0.03785	0.04788	0.04830	0.06538	0.06596	0.07611	0.07679	0.16609	0.16807	0.22402	0.22756	0.23031	0.29000	
67.0 	 0.0 	50.0	0.1815 	0.5077 	0.2057 	0.1051 	0.6128 	0.7654	0.03707	0.03739	0.04753	0.04794	0.06439	0.06496	0.07522	0.07590	0.16528	0.16725	0.22386	0.22576	0.22850	0.28891	
68.0 	 0.0 	50.0	0.1833 	0.4968 	0.2173 	0.1026 	0.5994 	0.7670	0.03661	0.03693	0.04719	0.04760	0.06335	0.06392	0.07432	0.07499	0.16456	0.16653	0.22392	0.22399	0.22673	0.28799	
70.0 	 0.0 	50.0	0.1881 	0.4730 	0.2425 	0.0964 	0.5694 	0.7706	0.03566	0.03596	0.04655	0.04695	0.06115	0.06170	0.07245	0.07311	0.16338	0.16535	0.22469	0.22054	0.22327	0.28665	
 0.0 	180.0 	50.0	0.0626 	0.6425 	0.0836 	0.2113 	0.8538 	0.6322	0.03789	0.03823	0.04163	0.04200	0.07243	0.07312	0.07644	0.07715	0.13493	0.13632	0.15757	0.20834	0.21059	0.23445	
 5.0 	180.0 	50.0	0.0578 	0.6395 	0.0911 	0.2116 	0.8511 	0.6425	0.03750	0.03784	0.04100	0.04136	0.07189	0.07256	0.07565	0.07635	0.13265	0.13403	0.15418	0.20574	0.20797	0.23072	
10.0 	180.0 	50.0	0.0543 	0.6342 	0.1007 	0.2108 	0.8450 	0.6635	0.03705	0.03738	0.04038	0.04074	0.07115	0.07182	0.07475	0.07544	0.13053	0.13190	0.15132	0.20301	0.20522	0.22725	
20.0 	180.0 	50.0	0.0492 	0.6221 	0.1206 	0.2081 	0.8302 	0.6994	0.03617	0.03650	0.03926	0.03961	0.06963	0.07028	0.07298	0.07366	0.12687	0.12823	0.14675	0.19806	0.20024	0.22139	
21.0 	180.0 	50.0	0.0488 	0.6208 	0.1226 	0.2078 	0.8286 	0.7021	0.03608	0.03641	0.03916	0.03951	0.06947	0.07012	0.07281	0.07349	0.12655	0.12791	0.14637	0.19760	0.19978	0.22088	
22.0 	180.0 	50.0	0.0484 	0.6195 	0.1246 	0.2075 	0.8270 	0.7047	0.03599	0.03632	0.03906	0.03941	0.06932	0.06996	0.07264	0.07332	0.12623	0.12760	0.14601	0.19715	0.19933	0.22039	
23.0 	180.0 	50.0	0.0481 	0.6181 	0.1266 	0.2071 	0.8253 	0.7071	0.03591	0.03624	0.03896	0.03931	0.06916	0.06981	0.07247	0.07315	0.12593	0.12729	0.14566	0.19671	0.19889	0.21991	
24.0 	180.0 	50.0	0.0478 	0.6168 	0.1287 	0.2068 	0.8235 	0.7094	0.03582	0.03615	0.03886	0.03921	0.06900	0.06965	0.07230	0.07298	0.12563	0.12699	0.14532	0.19627	0.19845	0.21944	
25.0 	180.0 	50.0	0.0475 	0.6154 	0.1307 	0.2064 	0.8218 	0.7116	0.03574	0.03606	0.03876	0.03911	0.06884	0.06949	0.07213	0.07280	0.12533	0.12670	0.14500	0.19584	0.19801	0.21899	
26.0 	180.0 	50.0	0.0472 	0.6139 	0.1328 	0.2060 	0.8199 	0.7137	0.03565	0.03598	0.03866	0.03901	0.06868	0.06932	0.07196	0.07263	0.12504	0.12641	0.14470	0.19540	0.19758	0.21854	
27.0 	180.0 	50.0	0.0470 	0.6125 	0.1350 	0.2056 	0.8181 	0.7157	0.03556	0.03589	0.03857	0.03892	0.06852	0.06916	0.07179	0.07246	0.12476	0.12613	0.14440	0.19498	0.19715	0.21811	
28.0 	180.0 	50.0	0.0467 	0.6110 	0.1371 	0.2052 	0.8161 	0.7176	0.03548	0.03580	0.03847	0.03882	0.06835	0.06899	0.07162	0.07228	0.12449	0.12585	0.14412	0.19455	0.19673	0.21769	
29.0 	180.0 	50.0	0.0465 	0.6094 	0.1393 	0.2047 	0.8141 	0.7194	0.03539	0.03571	0.03838	0.03873	0.06818	0.06882	0.07144	0.07211	0.12421	0.12558	0.14386	0.19413	0.19630	0.21728	
30.0 	180.0 	50.0	0.0464 	0.6078 	0.1416 	0.2043 	0.8121 	0.7211	0.03530	0.03562	0.03829	0.03864	0.06801	0.06864	0.07126	0.07193	0.12395	0.12532	0.14361	0.19370	0.19588	0.21688	
31.0 	180.0 	50.0	0.0462 	0.6062 	0.1438 	0.2038 	0.8099 	0.7228	0.03521	0.03553	0.03819	0.03854	0.06783	0.06846	0.07109	0.07175	0.12369	0.12506	0.14337	0.19328	0.19546	0.21649	
32.0 	180.0 	50.0	0.0461 	0.6045 	0.1462 	0.2033 	0.8077 	0.7244	0.03512	0.03544	0.03810	0.03845	0.06765	0.06828	0.07090	0.07157	0.12343	0.12480	0.14314	0.19286	0.19504	0.21611	
33.0 	180.0 	50.0	0.0460 	0.6027 	0.1485 	0.2027 	0.8054 	0.7259	0.03502	0.03535	0.03801	0.03836	0.06746	0.06810	0.07072	0.07139	0.12318	0.12455	0.14293	0.19243	0.19461	0.21574	
34.0 	180.0 	50.0	0.0460 	0.6009 	0.1510 	0.2021 	0.8030 	0.7274	0.03493	0.03525	0.03792	0.03826	0.06727	0.06790	0.07053	0.07120	0.12293	0.12431	0.14273	0.19201	0.19419	0.21537	
35.0 	180.0 	50.0	0.0459 	0.5990 	0.1535 	0.2015 	0.8006 	0.7288	0.03483	0.03515	0.03782	0.03817	0.06708	0.06771	0.07035	0.07101	0.12268	0.12406	0.14255	0.19158	0.19376	0.21502	
36.0 	180.0 	50.0	0.0459 	0.5971 	0.1560 	0.2009 	0.7980 	0.7301	0.03474	0.03505	0.03773	0.03808	0.06688	0.06751	0.07015	0.07081	0.12244	0.12382	0.14238	0.19115	0.19334	0.21467	
37.0 	180.0 	50.0	0.0460 	0.5951 	0.1587 	0.2003 	0.7954 	0.7315	0.03463	0.03495	0.03764	0.03799	0.06667	0.06730	0.06995	0.07061	0.12220	0.12359	0.14222	0.19072	0.19290	0.21433	
38.0 	180.0 	50.0	0.0460 	0.5930 	0.1614 	0.1996 	0.7926 	0.7327	0.03453	0.03485	0.03754	0.03789	0.06646	0.06708	0.06975	0.07041	0.12197	0.12335	0.14207	0.19028	0.19247	0.21399	
39.0 	180.0 	50.0	0.0461 	0.5908 	0.1642 	0.1989 	0.7897 	0.7340	0.03443	0.03474	0.03745	0.03780	0.06624	0.06686	0.06954	0.07020	0.12173	0.12312	0.14193	0.18984	0.19203	0.21366	
40.0 	180.0 	50.0	0.0462 	0.5886 	0.1671 	0.1981 	0.7867 	0.7352	0.03432	0.03464	0.03735	0.03770	0.06601	0.06663	0.06933	0.06999	0.12150	0.12289	0.14181	0.18939	0.19158	0.21334	
41.0 	180.0 	50.0	0.0463 	0.5862 	0.1701 	0.1973 	0.7835 	0.7364	0.03421	0.03452	0.03726	0.03760	0.06578	0.06640	0.06911	0.06977	0.12126	0.12266	0.14169	0.18892	0.19112	0.21301	
42.0 	180.0 	50.0	0.0465 	0.5838 	0.1732 	0.1965 	0.7803 	0.7375	0.03409	0.03441	0.03716	0.03750	0.06553	0.06615	0.06889	0.06954	0.12102	0.12242	0.14158	0.18845	0.19064	0.21268	
43.0 	180.0 	50.0	0.0467 	0.5812 	0.1765 	0.1956 	0.7769 	0.7386	0.03397	0.03429	0.03705	0.03740	0.06528	0.06589	0.06865	0.06930	0.12077	0.12217	0.14146	0.18795	0.19015	0.21233	
44.0 	180.0 	50.0	0.0468 	0.5786 	0.1799 	0.1947 	0.7733 	0.7397	0.03385	0.03416	0.03694	0.03729	0.06501	0.06563	0.06840	0.06905	0.12051	0.12192	0.14135	0.18744	0.18964	0.21198	
45.0 	180.0 	50.0	0.0470 	0.5758 	0.1834 	0.1938 	0.7696 	0.7408	0.03371	0.03403	0.03683	0.03718	0.06474	0.06535	0.06815	0.06880	0.12024	0.12166	0.14123	0.18691	0.18911	0.21162	
46.0 	180.0 	50.0	0.0472 	0.5729 	0.1871 	0.1928 	0.7657 	0.7418	0.03358	0.03389	0.03672	0.03706	0.06445	0.06506	0.06788	0.06853	0.11997	0.12138	0.14112	0.18635	0.18856	0.21124	
47.0 	180.0 	50.0	0.0475 	0.5698 	0.1909 	0.1918 	0.7616 	0.7429	0.03344	0.03375	0.03660	0.03694	0.06414	0.06475	0.06760	0.06825	0.11969	0.12111	0.14101	0.18578	0.18799	0.21086	
48.0 	180.0 	50.0	0.0477 	0.5666 	0.1949 	0.1907 	0.7573 	0.7439	0.03329	0.03360	0.03647	0.03682	0.06383	0.06443	0.06731	0.06796	0.11939	0.12082	0.14089	0.18518	0.18739	0.21046	
49.0 	180.0 	50.0	0.0480 	0.5633 	0.1991 	0.1896 	0.7529 	0.7449	0.03313	0.03344	0.03634	0.03668	0.06349	0.06410	0.06700	0.06765	0.11909	0.12052	0.14078	0.18455	0.18677	0.21005	
50.0 	180.0 	50.0	0.0483 	0.5598 	0.2035 	0.1884 	0.7482 	0.7459	0.03297	0.03328	0.03620	0.03655	0.06315	0.06375	0.06669	0.06733	0.11877	0.12020	0.14066	0.18390	0.18612	0.20963	
51.0 	180.0 	50.0	0.0486 	0.5561 	0.2082 	0.1872 	0.7432 	0.7469	0.03280	0.03311	0.03606	0.03641	0.06278	0.06338	0.06635	0.06699	0.11844	0.11988	0.14055	0.18322	0.18545	0.20919	
52.0 	180.0 	50.0	0.0489 	0.5522 	0.2130 	0.1859 	0.7381 	0.7480	0.03262	0.03293	0.03591	0.03626	0.06240	0.06300	0.06600	0.06664	0.11810	0.11954	0.14043	0.18251	0.18474	0.20873	
53.0 	180.0 	50.0	0.0493 	0.5481 	0.2181 	0.1845 	0.7326 	0.7490	0.03243	0.03274	0.03576	0.03610	0.06200	0.06259	0.06564	0.06627	0.11774	0.11919	0.14032	0.18177	0.18400	0.20825	
54.0 	180.0 	50.0	0.0497 	0.5438 	0.2234 	0.1831 	0.7269 	0.7500	0.03224	0.03254	0.03559	0.03594	0.06158	0.06217	0.06525	0.06589	0.11737	0.11883	0.14020	0.18098	0.18322	0.20776	
55.0 	180.0 	50.0	0.0501 	0.5393 	0.2290 	0.1815 	0.7208 	0.7510	0.03203	0.03233	0.03542	0.03577	0.06113	0.06172	0.06485	0.06548	0.11698	0.11844	0.14008	0.18016	0.18241	0.20724	
56.0 	180.0 	50.0	0.0506 	0.5346 	0.2350 	0.1799 	0.7145 	0.7520	0.03181	0.03212	0.03524	0.03559	0.06066	0.06125	0.06442	0.06505	0.11657	0.11804	0.13996	0.17930	0.18155	0.20670	
57.0 	180.0 	50.0	0.0510 	0.5295 	0.2412 	0.1782 	0.7077 	0.7531	0.03158	0.03189	0.03505	0.03540	0.06017	0.06075	0.06397	0.06460	0.11614	0.11762	0.13984	0.17840	0.18065	0.20613	
58.0 	180.0 	50.0	0.0516 	0.5242 	0.2478 	0.1764 	0.7006 	0.7541	0.03134	0.03164	0.03486	0.03520	0.05965	0.06023	0.06349	0.06412	0.11569	0.11718	0.13971	0.17744	0.17970	0.20554	
59.0 	180.0 	50.0	0.0521 	0.5186 	0.2548 	0.1745 	0.6931 	0.7552	0.03108	0.03138	0.03465	0.03499	0.05910	0.05967	0.06299	0.06362	0.11522	0.11671	0.13959	0.17643	0.17870	0.20491	
60.0 	180.0 	50.0	0.0527 	0.5126 	0.2622 	0.1725 	0.6851 	0.7563	0.03081	0.03111	0.03442	0.03477	0.05851	0.05908	0.06246	0.06308	0.11472	0.11622	0.13946	0.17536	0.17764	0.20426	
61.0 	180.0 	50.0	0.0533 	0.5063 	0.2700 	0.1704 	0.6767 	0.7574	0.03053	0.03082	0.03419	0.03453	0.05789	0.05846	0.06190	0.06252	0.11419	0.11571	0.13932	0.17424	0.17652	0.20357	
62.0 	180.0 	50.0	0.0540 	0.4995 	0.2783 	0.1681 	0.6677 	0.7586	0.03022	0.03052	0.03394	0.03428	0.05723	0.05779	0.06130	0.06192	0.11364	0.11516	0.13919	0.17304	0.17533	0.20284	
63.0 	180.0 	50.0	0.0548 	0.4924 	0.2872 	0.1657 	0.6581 	0.7599	0.02990	0.03019	0.03368	0.03402	0.05653	0.05709	0.06067	0.06128	0.11305	0.11458	0.13905	0.17177	0.17407	0.20206	
64.0 	180.0 	50.0	0.0556 	0.4847 	0.2966 	0.1631 	0.6479 	0.7611	0.02955	0.02984	0.03340	0.03374	0.05578	0.05634	0.05999	0.06060	0.11242	0.11397	0.13890	0.17042	0.17272	0.20124	
65.0 	180.0 	50.0	0.0564 	0.4766 	0.3066 	0.1604 	0.6370 	0.7625	0.02918	0.02947	0.03310	0.03344	0.05499	0.05553	0.05927	0.05988	0.11175	0.11331	0.13875	0.16898	0.17129	0.20037	
66.0 	180.0 	50.0	0.0573 	0.4678 	0.3174 	0.1575 	0.6253 	0.7639	0.02879	0.02908	0.03278	0.03312	0.05413	0.05468	0.05850	0.05910	0.11105	0.11262	0.13859	0.16744	0.16977	0.19945	
67.0 	180.0 	50.0	0.0583 	0.4585 	0.3289 	0.1543 	0.6128 	0.7654	0.02837	0.02865	0.03244	0.03278	0.05322	0.05376	0.05767	0.05827	0.11029	0.11187	0.13842	0.16579	0.16813	0.19846	
68.0 	180.0 	50.0	0.0594 	0.4484 	0.3412 	0.1509 	0.5994 	0.7670	0.02792	0.02820	0.03207	0.03241	0.05224	0.05277	0.05679	0.05738	0.10948	0.11108	0.13825	0.16403	0.16638	0.19740	
70.0 	180.0 	50.0	0.0618 	0.4260 	0.3689 	0.1434 	0.5694 	0.7706	0.02690	0.02718	0.03126	0.03160	0.05005	0.05056	0.05481	0.05540	0.10767	0.10930	0.13787	0.16009	0.16246	0.19505	
