N_VZA 		53                               
0	5	10	20	21	22	23	24	25	26	
27	28	29	30	31	32	33	34	35	36	
37	38	39	40	41	42	43	44	45	46	
47	48	49	50	51	52	53	54	55	56
57	58	59	60	61	62	63	64	65	66
67	68	70	
N_SZA 		3 		
25	35	50
N_PHI 		2		
0	180
N_LAI 		11  		
0.5 	1.0	2.0 	3.0	4.0	5.0	6.0	7.0	8.0	10.0	12.0
N_OMEGA 	2		
0.8 	1.0
N_D		8
6000	4000	3000	2000	1000	750	500	250
N_B		1
10000.0
N_QUADRAT 	1
40
N_GAMMA 	2
1	1.4
N_M2 		2
0	10
N_HB 		6
5	10	20	40	0.5	1.2
N_HA 		2
1	10
N_R 		7 
0.5	0.7	1.0	2.0	3.0	5.0	7.0
N_SHAPE		2
1	2
N_ANGLE 	3
-1	25	75
N_OPTIC 		2 
OPTIC_NIRG	0.15 	0.25
OPTIC_NIRT	0.35	0.55	
OPTIC_NIRTT	0.35	0.45
OPTIC_REDG	0.05	0.10
OPTIC_REDT	0.05	0.10
OPTIC_REDTT	0.05	0.15